532 682
532 682
532 682
532 682
532 682
532 682
532 682
532 682
533 682
535 681
535 681
535 681
535 681
535 681
535 681
535 681
535 681
535 681
535 682
536 684
536 684
536 684
536 684
536 684
536 684
536 684
536 684
536 684
536 684
536 684
536 684
536 684
536 684
536 684
536 684
536 684
536 684
536 684
536 684
536 684
536 684
536 684
536 684
536 684
536 684
536 684
536 684
536 684
536 684
536 684
536 684
536 684
536 684
536 684
536 684
536 684
536 684
536 684
536 684
536 684
536 684
536 684
536 684
536 684
536 684
536 684
536 684
536 684
536 684
536 684
536 684
536 684
536 684
536 684
536 684
536 684
536 684
536 684
536 684
536 684
536 684
536 684
536 684
536 684
536 684
536 684
536 684
536 684
536 684
536 684
536 684
536 684
536 684
536 684
536 684
536 684
536 684
536 684
536 684
536 684
536 684
536 684
536 684
536 684
536 684
536 684
536 684
536 684
536 684
536 684
536 684
536 684
536 684
536 684
536 684
536 684
536 684
536 684
536 684
536 684
536 684
536 684
536 684
536 684
536 684
536 684
536 684
536 684
536 684
536 684
536 684
536 684
536 684
536 684
536 684
536 684
536 684
536 684
536 684
536 684
536 684
536 684
536 684
536 684
536 684
536 684
536 684
536 684
536 684
536 684
536 684
536 684
536 684
536 684
536 684
536 684
536 684
536 684
536 684
536 684
536 684
536 684
536 684
536 684
536 684
536 684
536 684
536 684
536 684
536 684
536 684
536 684
536 684
536 684
536 684
536 684
536 684
536 684
536 684
536 684
536 684
536 684
536 684
536 684
536 684
536 684
536 684
536 684
536 684
536 684
536 684
536 684
536 684
536 684
536 684
536 684
536 684
536 684
536 684
536 684
536 684
536 684
536 684
536 684
536 684
536 684
536 684
536 684
536 684
536 684
536 684
536 684
536 684
536 684
536 684
536 684
536 684
536 684
536 684
536 684
536 684
536 684
536 684
536 684
536 684
536 684
536 684
536 684
536 684
536 684
536 684
536 684
536 684
536 684
536 684
536 684
536 684
536 684
536 684
536 684
546 679
571 671
605 660
642 649
666 640
672 638
672 638
672 638
672 638
672 638
672 638
672 638
674 638
674 637
674 637
675 637
675 637
675 637
675 637
677 637
681 637
685 637
687 637
687 637
687 637
689 637
692 637
696 636
703 634
715 633
727 633
738 633
744 633
745 633
747 634
748 635
751 636
753 637
754 638
755 639
757 640
758 641
759 641
762 642
763 643
764 643
764 643
765 643
765 644
766 644
766 644
766 644
766 644
766 644
767 644
767 645
767 645
767 645
767 645
767 645
767 645
767 645
767 645
767 645
767 645
768 646
770 648
771 648
771 648
771 648
771 648
771 648
771 648
771 648
771 648
771 648
771 648
771 648
771 648
771 648
771 648
771 648
771 648
771 648
771 648
771 648
771 648
771 648
771 648
771 648
771 648
771 648
771 648
771 648
771 648
771 648
771 648
771 648
771 648
771 648
771 648
770 652
769 660
767 665
766 667
765 671
765 674
766 681
763 688
757 697
754 703
753 706
752 706
752 706
752 708
752 711
752 712
752 712
752 713
752 715
752 715
752 715
752 715
752 715
752 715
752 715
752 715
753 716
753 716
753 716
753 716
753 716
753 716
753 716
753 716
753 716
754 716
756 717
757 718
757 718
757 718
757 718
757 718
757 718
757 718
757 718
757 718
757 718
757 718
757 718
757 718
757 718
757 718
757 718
757 718
757 718
757 718
757 718
757 718
757 718
757 718
757 718
756 715
749 709
741 702
727 691
716 685
711 681
709 679
709 679
709 679
707 676
706 675
706 675
706 675
705 675
701 672
696 671
696 671
696 671
696 671
696 671
696 671
696 672
696 672
696 672
696 672
696 672
696 672
696 672
696 672
696 672
696 672
696 672
696 672
696 672
696 672
696 672
696 672
696 672
696 672
696 672
696 672
696 672
696 672
696 672
696 672
696 672
696 672
696 672
696 672
696 672
696 672
696 672
696 672
696 672
696 672
696 672
696 672
696 672
696 672
696 672
696 672
696 672
691 672
684 671
672 669
665 669
663 668
663 668
663 668
663 668
663 668
662 668
660 668
657 668
653 667
649 667
644 666
641 664
638 663
637 663
637 663
637 663
637 663
637 663
637 663
637 663
637 663
637 663
637 663
637 663
637 663
637 663
637 663
637 663
637 663
637 663
637 663
637 663
637 663
637 663
637 663
637 663
637 663
637 663
637 663
637 663
637 663
637 663
637 663
637 663
637 663
637 663
637 663
637 663
637 663
637 663
637 663
637 663
637 663
637 663
637 663
637 663
638 663
640 662
643 662
644 662
644 662
644 662
645 662
645 662
645 662
645 665
644 674
642 679
641 680
641 680
641 680
641 680
641 680
641 680
641 680
641 680
641 680
641 680
641 680
641 680
641 680
641 680
641 680
641 680
641 680
641 680
641 680
641 680
641 680
641 680
641 680
641 680
641 680
641 680
641 680
641 680
641 680
641 680
641 680
641 680
641 680
641 680
641 680
641 680
641 680
641 680
641 680
641 680
641 680
641 680
641 680
641 680
641 680
641 680
641 680
641 680
641 680
641 680
641 680
641 680
641 680
641 680
641 680
641 680
641 680
641 680
641 680
641 680
641 680
641 680
641 680
641 680
641 680
641 680
641 680
641 680
641 680
641 680
641 680
641 680
641 680
641 680
641 680
641 680
641 680
641 680
641 680
641 680
641 680
641 680
641 680
641 680
641 680
641 680
641 680
641 680
641 680
641 680
641 680
641 680
641 680
641 680
641 680
641 680
641 680
641 680
641 680
641 680
641 680
641 680
641 680
641 680
641 680
641 680
641 680
641 680
641 680
641 680
641 680
641 680
641 680
641 680
641 680
641 680
641 680
641 680
641 680
641 680
641 680
641 680
641 680
641 680
641 680
641 680
641 680
641 680
641 680
641 680
641 680
641 680
641 680
641 680
641 680
641 680
641 680
641 680
641 680
641 680
641 680
641 680
641 680
641 680
641 680
641 680
641 680
641 680
641 680
641 680
641 680
641 680
641 680
641 680
641 680
641 680
641 680
641 680
641 680
641 680
641 680
641 680
641 680
641 680
641 680
641 680
641 680
641 680
641 680
641 680
641 680
641 680
641 680
641 680
641 680
641 680
641 680
641 680
641 680
641 680
641 680
641 680
641 680
641 680
641 680
641 680
641 680
641 680
641 680
641 680
641 680
641 680
641 680
641 680
641 680
641 680
641 680
641 680
641 680
641 680
641 680
641 680
641 680
641 680
644 682
654 689
669 697
684 703
688 706
689 709
689 712
690 712
690 712
688 712
685 712
685 712
685 712
684 711
684 711
684 711
684 711
684 711
684 711
684 711
684 711
684 711
684 711
684 711
682 710
681 710
681 709
681 709
681 709
681 709
681 709
681 709
681 709
681 709
681 709
681 709
681 709
681 709
681 709
681 709
681 709
681 709
681 709
681 709
681 709
681 709
681 709
681 709
681 709
681 709
681 709
681 709
681 709
681 709
681 709
681 709
681 709
681 709
681 709
681 709
681 709
681 709
681 709
681 709
681 709
681 709
681 709
681 709
681 709
681 709
681 709
681 709
681 709
681 709
681 709
681 709
681 709
681 709
681 709
681 709
681 709
679 708
675 705
675 705
675 705
675 705
675 705
675 705
675 705
675 705
675 705
675 705
675 705
675 705
675 705
675 705
675 705
675 705
675 705
675 705
675 705
675 705
675 705
675 705
675 705
675 705
675 705
675 705
675 705
675 705
675 705
675 705
675 705
675 705
675 705
675 705
675 705
675 705
675 705
675 705
675 705
675 705
675 705
675 705
675 705
675 705
675 705
675 705
675 705
675 704
675 703
680 692
696 654
707 577
718 499
726 456
730 438
730 431
729 425
729 420
728 414
726 407
721 397
714 389
714 389
714 388
714 388
714 388
714 388
714 388
714 388
714 388
714 388
713 388
707 381
697 373
692 368
684 361
673 352
660 341
652 326
650 316
650 313
649 312
649 312
649 312
649 312
649 312
649 312
649 312
649 312
649 312
649 312
649 312
649 312
649 312
649 315
650 326
656 341
665 353
672 369
678 396
685 425
695 451
697 463
698 465
698 465
699 468
699 472
699 472
699 472
699 472
699 472
701 477
703 483
705 490
707 497
708 500
708 500
708 500
710 500
712 500
712 500
712 500
712 500
712 500
712 500
712 500
712 500
712 500
712 500
712 500
712 500
712 500
708 495
700 483
691 468
685 462
684 460
681 457
681 456
681 456
680 460
677 479
681 510
690 544
709 580
733 613
758 637
780 650
800 655
820 658
834 659
836 659
836 657
833 649
828 638
824 626
819 619
818 618
818 618
818 618
818 618
818 618
818 618
818 618
818 618
818 618
818 618
818 618
818 618
818 618
818 618
817 618
817 618
817 618
817 618
817 618
817 618
816 618
816 618
816 618
815 619
815 619
815 619
814 619
814 619
814 619
814 619
814 619
814 619
814 619
814 619
814 619
814 619
814 619
814 619
813 619
813 619
813 619
813 619
813 620
813 620
813 620
813 620
813 620
813 620
813 620
813 620
813 620
813 620
813 620
813 620
813 620
813 620
813 620
813 620
813 620
813 620
813 620
813 620
813 620
813 620
813 620
813 620
813 620
813 620
813 620
813 620
813 620
813 620
813 620
813 620
813 620
813 620
813 620
813 620
813 620
813 620
813 620
813 620
813 620
813 620
813 620
813 620
813 620
813 620
813 620
813 620
813 620
813 620
813 620
813 620
813 620
813 620
813 620
813 620
813 620
813 620
813 620
813 620
813 620
813 620
813 620
813 620
813 620
813 620
813 620
813 620
813 620
813 620
813 620
813 620
813 620
813 620
813 620
813 620
813 620
813 620
813 620
813 620
813 620
813 620
813 620
813 620
813 620
813 620
813 620
813 620
813 620
813 620
813 620
813 620
813 620
813 620
813 620
813 620
813 620
813 620
813 620
813 620
813 620
813 620
813 620
813 620
813 620
813 620
813 620
813 620
813 620
813 620
813 620
813 620
813 620
813 620
813 620
813 620
813 620
813 620
813 620
813 620
813 620
813 620
813 620
813 620
813 620
813 620
813 620
813 620
813 620
813 620
813 620
805 621
798 624
796 624
796 625
796 625
796 625
796 625
796 625
796 625
796 625
796 625
796 625
796 625
796 625
796 625
796 625
796 625
796 625
796 625
796 625
796 625
797 626
800 627
801 628
802 628
802 628
802 628
804 629
805 630
805 630
805 630
805 630
806 630
807 630
808 630
808 630
808 630
808 630
808 630
808 630
808 630
808 630
808 630
808 630
808 630
808 630
805 630
780 629
727 629
648 633
574 639
521 644
500 645
498 645
498 645
498 645
498 645
498 645
499 645
510 644
521 642
527 641
534 640
544 638
547 637
547 637
549 636
550 634
551 632
552 630
552 629
552 629
552 629
552 629
552 628
552 628
552 628
552 628
552 628
552 628
552 628
553 628
556 628
562 629
571 637
589 654
607 669
617 676
621 681
622 685
623 687
624 689
624 690
624 690
624 690
623 690
623 690
623 688
623 687
623 687
623 687
623 687
623 687
623 687
623 687
625 686
626 686
627 685
628 685
628 685
629 684
629 684
629 684
629 684
629 684
629 684
629 684
629 684
629 684
629 684
629 684
629 684
629 684
629 684
629 684
629 684
629 684
629 684
629 684
629 684
629 684
629 684
629 684
629 684
629 684
629 684
629 684
629 684
629 684
629 684
629 684
629 684
629 684
629 684
629 684
629 684
629 684
629 684
629 684
629 684
629 684
629 684
629 684
629 684
629 684
629 684
629 684
639 684
661 684
714 680
802 670
908 654
1008 636
1084 618
1141 607
1187 603
1227 599
1263 596
1294 593
1322 589
1344 584
1356 582
1361 581
1362 581
1362 581
1362 581
1362 581
1362 581
1362 581
1362 581
1362 581
1361 581
1361 581
1361 581
1361 581
1360 581
1360 581
1360 581
1360 581
1357 581
1355 582
1355 582
1355 582
1355 582
1355 582
1355 582
1355 582
1355 582
1355 582
1355 582
1355 582
1355 582
1355 582
1355 582
1355 582
1355 582
1355 582
1355 582
1355 582
1355 582
1355 582
1355 582
1355 582
1355 582
1355 582
1355 582
1355 582
1355 582
1355 582
1355 582
1355 582
1355 582
1355 582
1355 582
1355 582
1355 582
1355 582
1355 582
1355 582
1355 582
1355 582
1355 582
1355 582
1355 582
1355 582
1355 582
1355 582
1355 582
1355 582
1355 582
1355 582
1355 582
1355 582
1355 582
1355 582
1355 582
1355 582
1355 582
1355 582
1355 582
1355 582
1355 582
1355 582
1355 582
1355 582
1355 582
1355 582
1355 582
1355 582
1355 582
1355 582
1355 582
1355 582
1355 582
1355 582
1355 582
1355 582
1355 582
1355 582
1355 582
1355 582
1355 582
1355 582
1355 582
1355 582
1355 582
1355 582
1355 582
1355 582
1355 582
1355 582
1355 582
1355 582
1355 582
1355 582
1355 582
1355 582
1355 582
1355 582
1355 582
1355 582
1355 582
1355 582
1355 582
1355 582
1355 582
1355 582
1355 582
1355 582
1355 582
1355 582
1355 582
1355 582
1355 582
1355 582
1355 582
1355 582
1355 582
1355 582
1355 582
1355 582
1355 582
1355 582
1355 582
1346 582
1325 581
1294 578
1252 575
1201 572
1141 571
1093 572
1060 574
1037 575
1029 575
1029 575
1025 576
1021 577
1017 577
1014 577
1014 577
1014 577
1014 577
1014 577
1014 577
1014 577
1007 580
1007 580
1007 580
1007 580
1007 580
1007 580
1007 580
1007 580
1007 580
1007 580
1007 580
1007 580
1007 580
1007 580
1007 580
1007 580
1007 580
1007 580
1007 580
1007 580
1007 580
1007 580
1007 580
1007 580
1007 580
1007 580
1007 580
1007 580
1007 580
1007 580
1007 580
1007 580
1007 580
1007 580
1007 580
1007 580
1007 580
1007 580
1007 580
1007 580
1007 580
1007 580
1007 580
1007 580
1007 580
1007 580
1007 580
1007 580
1007 580
1007 580
1007 580
1007 580
1007 580
1007 580
1007 580
1007 580
1007 580
1007 580
1007 580
1007 580
1007 580
1007 580
1007 580
1007 580
1007 580
1007 580
1007 580
1007 580
1007 580
1007 580
1007 580
1007 580
1007 580
1007 580
1007 580
1007 580
1007 580
1007 580
1007 580
1007 580
1007 580
1007 580
1007 580
1007 580
1007 580
1007 580
1007 580
1007 580
1007 580
1007 580
1007 580
1007 580
1007 580
1007 580
1007 580
1007 580
1007 580
1007 580
1007 580
1007 580
1007 580
1007 580
1007 580
1007 580
1007 580
1007 580
1007 580
1007 580
1007 580
1007 580
1007 580
1007 580
1007 580
1007 580
1007 580
1007 580
1007 580
1007 580
1007 580
1007 580
1007 580
1007 580
1007 580
1007 580
1007 580
1007 580
1007 580
1007 580
1007 580
1007 580
1007 580
1007 580
1007 580
1007 580
1007 580
1007 580
1007 580
1007 580
1007 580
1007 580
1007 580
1007 580
1007 580
1007 580
1007 580
1007 580
1007 580
1007 580
1007 580
1007 580
1007 580
1007 580
1007 580
1007 580
1007 580
1007 580
1007 580
1007 580
1007 580
1007 580
1007 580
1007 580
1007 580
1007 580
1007 580
1007 580
1007 580
1007 580
1007 580
1007 580
1007 580
1007 580
1007 580
1007 580
1007 580
1007 580
1007 580
1007 580
1007 580
1007 580
1007 580
1007 580
1007 580
1007 580
1007 580
1007 580
1007 580
1007 580
1007 580
1007 580
1007 580
1007 580
1007 580
1007 580
1007 580
1007 580
1007 580
1007 580
1007 580
1007 580
1007 580
1007 580
1007 580
1007 580
1007 580
1007 580
1007 580
1007 580
1007 580
1007 580
1007 580
1007 580
1007 580
1007 580
1007 580
1007 580
1007 580
1007 580
1007 580
1007 580
1007 580
1007 580
1007 580
1007 580
1007 580
1007 580
1007 580
1007 580
1007 580
1007 580
1007 580
1007 580
1007 580
1007 580
1007 580
1007 580
1007 580
1007 580
1007 580
1007 580
1007 580
1007 580
1007 580
1007 580
1007 580
1007 580
1007 580
1007 580
1007 580
1007 580
1007 580
1007 580
1007 580
1007 580
1007 580
1007 580
1007 580
1007 580
1007 580
1007 580
1007 580
1007 580
1007 580
1007 580
1007 580
1007 580
1007 580
1007 580
1007 580
1007 580
1007 580
1007 580
1007 580
1007 580
1007 580
1007 580
1007 580
1007 580
1007 580
1007 580
1007 580
1007 580
1007 580
1007 580
1007 580
1007 580
1007 580
1007 580
1007 580
1007 580
1007 580
1007 580
1007 580
1007 580
1007 580
1007 580
1007 580
1007 580
1007 580
1007 580
1007 580
1007 580
1007 580
1007 580
1007 580
1007 580
1007 580
1007 580
1007 580
1007 580
1007 580
1007 580
1007 580
