760 688
764 683
764 683
764 683
764 683
764 683
763 683
761 683
761 683
761 683
761 683
761 683
761 683
760 683
759 683
759 683
759 683
759 683
759 683
759 683
759 683
759 683
759 683
759 683
759 683
759 683
759 683
759 683
759 683
759 683
759 683
757 683
755 684
753 686
750 688
749 689
748 689
748 689
748 689
747 689
745 690
744 691
744 691
744 691
743 691
742 691
742 691
741 691
740 692
738 692
737 692
737 693
737 693
737 693
736 693
735 693
735 693
735 693
735 693
735 693
735 693
735 693
735 693
735 693
735 693
735 693
735 693
735 693
735 693
734 693
734 693
733 693
733 693
733 693
733 693
733 693
733 693
733 693
733 693
733 693
733 693
733 693
733 693
733 693
733 693
733 693
733 693
733 693
733 693
733 693
733 693
733 693
733 693
733 693
732 693
731 693
731 693
731 693
730 693
730 693
730 693
730 693
730 693
730 693
730 693
730 693
730 693
730 693
730 693
730 693
730 693
730 693
730 693
730 693
730 693
730 693
730 693
730 693
730 693
730 693
730 693
730 693
730 693
730 693
730 693
730 693
730 693
729 693
729 693
729 693
729 693
729 693
729 693
729 693
729 693
729 693
729 693
729 693
729 693
729 693
729 693
729 693
729 693
729 693
729 693
729 693
729 693
729 693
729 693
729 693
729 693
729 693
729 693
729 693
729 693
729 693
729 693
729 693
729 693
729 693
729 693
729 693
729 693
729 693
729 693
729 693
729 693
729 693
729 693
729 693
729 693
729 693
729 693
729 693
729 693
729 693
729 693
729 693
729 693
729 693
729 693
729 693
729 693
729 693
729 692
731 688
733 684
734 683
734 683
734 682
734 681
734 681
734 681
734 681
734 681
734 681
734 681
734 681
734 681
734 681
734 681
734 681
734 681
734 681
734 681
734 681
734 681
734 681
734 681
734 681
734 681
734 681
734 681
734 681
734 681
733 680
731 678
728 676
723 672
716 668
705 658
696 647
688 642
686 640
685 638
685 638
684 638
684 638
684 638
684 636
684 631
690 618
703 596
719 572
729 539
734 489
736 458
737 445
737 442
737 441
737 441
737 441
737 441
737 441
737 441
737 441
737 441
737 441
737 441
737 441
737 441
737 441
737 441
737 441
737 441
737 441
737 441
737 441
725 451
695 466
650 486
613 503
599 511
599 512
598 512
598 513
599 514
601 515
604 515
608 518
611 523
613 532
614 549
615 567
615 569
615 569
615 569
615 569
613 569
610 569
608 569
606 569
603 572
596 577
589 584
585 587
584 589
584 590
583 591
583 591
583 591
583 591
583 591
583 591
583 591
583 591
583 591
583 591
586 591
594 587
610 573
634 547
658 519
678 493
686 479
687 475
687 474
687 474
687 474
687 474
687 474
687 474
687 474
686 473
683 470
683 468
684 468
683 468
683 468
683 468
683 468
683 468
683 468
683 468
683 468
683 468
683 468
683 468
683 468
683 469
683 470
682 472
682 472
682 473
682 474
681 474
681 474
681 474
681 474
681 474
681 474
681 475
681 478
681 478
681 478
681 478
681 478
681 478
681 478
680 482
678 489
675 497
675 498
675 498
674 500
673 507
672 518
670 532
668 547
666 550
666 550
666 550
666 550
666 550
665 549
665 549
665 549
665 549
665 549
665 549
665 549
665 549
665 549
665 549
665 549
665 549
665 549
666 549
668 549
670 550
671 550
671 551
672 551
672 551
672 551
673 553
675 556
677 561
679 566
680 568
680 570
681 571
681 573
682 576
684 580
686 587
688 590
689 591
689 591
692 594
693 596
693 596
693 596
693 596
693 596
693 596
693 596
693 596
693 596
693 596
693 596
693 596
693 596
696 596
704 592
722 584
761 569
830 550
912 530
971 515
992 508
993 508
993 508
989 508
984 509
979 510
975 512
973 512
969 517
964 522
960 525
959 526
959 526
959 526
959 526
959 526
959 526
959 526
955 526
939 526
911 524
876 524
844 523
828 524
827 524
827 524
827 524
827 524
836 524
873 527
920 527
958 527
971 526
972 526
972 526
972 526
972 526
972 526
972 526
972 526
972 526
972 526
972 526
962 526
929 524
876 523
817 523
769 523
742 523
739 523
739 523
739 523
739 523
739 523
739 523
739 523
739 523
739 523
739 523
739 523
739 523
739 523
739 523
739 523
739 523
739 523
739 523
739 523
739 523
739 523
739 523
739 523
739 523
739 523
739 523
739 523
739 523
739 523
739 523
739 523
739 523
739 523
739 523
739 523
739 523
739 523
739 523
739 523
739 523
739 523
739 523
739 523
739 523
739 523
739 523
739 523
739 523
739 523
739 523
739 523
739 523
739 523
741 528
758 522
774 518
780 517
788 513
796 511
797 510
799 509
802 507
803 505
802 503
798 502
788 502
771 507
770 507
770 507
770 507
770 507
770 507
770 507
770 507
770 507
770 507
771 507
771 506
770 506
767 504
763 501
761 498
760 496
759 495
759 495
759 494
759 493
759 493
758 493
758 492
758 492
758 492
758 492
758 492
763 492
769 491
772 491
774 490
777 490
779 490
783 489
798 492
820 497
840 501
853 503
856 503
856 503
856 503
857 503
858 503
861 502
862 501
862 500
862 500
862 500
862 500
862 500
862 500
862 501
862 502
864 507
865 511
865 511
865 511
865 511
865 511
864 511
863 511
862 511
861 511
859 511
859 511
858 511
858 511
857 511
857 511
857 511
856 511
855 511
854 511
850 511
846 511
844 511
842 511
842 512
841 512
840 513
838 514
838 514
835 515
831 515
827 516
824 517
824 517
824 517
824 517
824 517
824 517
822 520
820 522
818 524
816 525
813 526
811 527
809 528
809 529
807 529
806 529
806 529
806 529
806 529
806 529
806 529
806 529
806 529
806 529
806 529
806 529
806 529
806 529
806 529
806 529
806 529
806 529
806 529
806 529
806 529
806 529
806 529
806 529
806 529
806 529
806 529
806 529
806 529
806 529
805 530
804 530
804 530
803 530
803 530
803 530
803 530
802 530
802 530
802 530
802 530
802 530
802 530
802 530
802 530
801 530
801 530
801 530
801 530
799 531
797 531
795 532
794 532
794 532
794 532
794 532
794 532
794 532
794 532
794 532
794 532
794 532
794 532
794 532
794 532
794 532
794 532
794 532
794 532
794 532
794 532
794 532
794 532
794 532
794 532
792 532
791 532
790 532
787 532
783 532
779 532
776 533
772 533
770 533
769 534
768 534
767 534
767 534
767 534
766 534
765 534
765 534
765 534
764 534
763 534
762 534
762 534
762 534
762 534
762 534
762 534
762 534
762 534
762 534
762 534
762 534
762 534
762 534
762 534
762 534
762 534
762 534
762 534
762 534
762 534
762 534
762 534
762 534
762 534
762 534
762 534
762 534
762 534
762 534
762 534
762 534
762 534
758 537
750 544
736 557
719 573
709 588
703 601
697 618
690 635
685 648
680 658
675 669
667 682
656 694
641 706
623 718
601 730
579 742
553 752
527 759
505 766
493 768
488 768
485 769
482 769
481 769
480 769
480 769
480 769
480 769
479 770
476 770
473 772
472 772
472 772
470 772
469 773
469 773
469 773
469 773
469 773
469 773
469 773
469 773
469 773
469 773
471 772
473 771
473 771
473 771
473 771
473 771
473 771
473 771
473 771
473 771
473 771
473 771
473 771
473 771
473 771
473 771
473 771
473 771
473 771
473 771
473 770
473 770
473 770
473 770
473 770
473 770
473 770
473 770
473 770
473 770
473 770
473 770
473 770
473 770
473 770
473 770
473 770
473 770
473 770
473 770
473 770
473 770
473 770
473 770
473 770
473 770
473 770
473 770
473 770
473 770
473 770
473 770
473 770
473 770
473 770
473 770
473 770
473 770
473 770
473 770
473 770
473 770
473 770
473 770
473 770
473 770
473 770
473 770
473 770
473 770
474 770
477 769
480 769
480 768
483 768
489 766
501 760
510 755
516 751
521 746
530 736
545 715
562 693
576 680
589 670
604 659
620 651
633 645
640 643
646 641
649 639
651 636
653 626
656 605
663 572
670 540
676 517
678 506
678 505
678 505
678 504
678 504
678 504
678 504
678 504
678 506
678 509
679 511
680 514
683 517
683 517
683 517
683 517
683 517
683 517
683 517
682 517
681 518
676 526
672 536
669 542
670 548
674 553
676 558
676 558
676 558
676 557
675 556
674 553
673 553
668 556
663 558
662 559
664 559
669 559
678 557
694 552
717 546
748 536
783 525
816 517
845 511
868 504
883 498
897 497
912 498
924 500
927 500
927 500
927 500
927 500
927 500
927 500
927 500
927 500
927 500
927 500
927 500
927 500
927 500
927 500
927 500
927 500
927 499
927 499
927 499
927 499
927 499
927 499
927 499
929 499
931 498
933 497
936 497
939 496
940 495
944 489
949 481
951 478
951 477
951 477
951 477
951 477
951 477
951 477
951 477
951 477
951 477
951 477
951 477
951 477
951 477
951 477
951 477
951 477
951 477
951 477
951 477
951 477
951 477
951 477
951 477
951 477
951 477
951 477
951 477
951 477
951 477
951 477
951 477
951 477
951 477
951 477
951 477
951 477
951 477
951 477
951 477
951 477
951 477
951 477
951 477
951 477
951 477
951 477
951 477
951 477
951 477
951 477
951 477
951 477
951 477
951 477
951 477
951 477
951 477
951 477
951 477
951 477
951 477
951 477
951 477
951 477
951 477
951 477
951 477
951 477
951 477
951 477
951 477
951 477
951 477
951 477
951 477
951 477
951 477
951 477
951 477
951 477
951 477
951 477
951 477
951 477
951 477
951 477
951 477
951 477
951 477
951 477
951 477
951 477
951 477
951 477
951 477
951 477
951 477
951 477
951 477
951 477
951 477
951 477
951 477
951 477
951 477
951 477
951 477
951 477
951 477
951 477
951 477
951 477
951 477
951 477
951 477
951 477
951 477
951 477
951 477
951 477
951 477
951 477
951 477
951 477
951 477
951 477
951 477
951 477
951 477
951 477
951 477
951 477
951 477
951 477
951 477
951 477
951 477
951 477
951 477
951 477
951 477
951 477
951 477
951 477
951 477
951 477
951 477
946 477
946 477
946 477
946 477
946 476
946 475
946 475
946 474
946 474
946 474
946 474
945 474
945 475
945 475
945 475
945 475
944 475
944 475
944 474
944 474
943 473
942 473
942 473
942 472
942 472
942 472
942 472
942 472
942 472
942 472
942 472
942 472
942 472
942 472
941 472
941 472
941 472
941 472
941 472
941 472
941 472
941 472
941 472
941 472
941 472
941 472
941 472
941 472
941 472
941 472
941 472
941 472
941 472
941 472
941 472
941 472
941 472
941 472
941 472
941 472
941 472
941 472
941 472
941 472
941 472
941 472
941 472
941 472
941 472
941 472
941 472
941 472
941 472
941 472
941 472
941 472
941 472
941 472
941 472
941 472
941 472
941 472
941 472
941 472
941 472
941 472
941 472
941 472
941 472
941 472
941 472
941 472
941 472
941 472
941 472
941 472
941 472
941 472
941 472
941 472
941 472
941 472
941 472
941 472
941 472
941 472
941 472
941 472
941 472
941 472
941 472
941 472
941 472
941 472
941 472
941 472
941 472
941 472
941 472
941 472
941 472
941 472
941 472
941 472
941 472
941 472
941 472
941 472
941 472
941 472
941 472
941 472
941 472
941 472
941 472
941 472
941 472
941 472
941 472
941 472
941 472
941 472
941 472
941 472
941 472
941 472
940 473
940 473
939 473
939 473
939 473
939 473
939 473
939 473
939 473
939 473
939 473
939 473
939 473
940 473
940 473
940 473
940 473
940 472
939 468
937 464
937 464
937 464
937 464
937 464
937 464
937 464
937 464
934 463
933 462
933 461
933 461
933 461
933 461
932 460
931 458
930 458
923 456
922 455
920 454
917 453
916 452
915 452
915 452
915 452
915 452
915 452
915 452
914 452
913 452
913 452
912 452
912 452
912 452
912 452
912 452
912 452
912 452
912 452
912 452
912 452
912 452
912 452
912 452
912 452
912 452
912 452
912 452
912 452
912 452
910 452
910 452
909 452
909 452
909 452
909 452
908 452
908 452
908 452
908 452
908 452
907 452
907 452
906 452
906 452
905 452
899 451
892 451
885 451
878 451
872 451
864 451
854 452
841 452
826 452
810 452
786 455
777 456
775 456
775 456
775 456
775 456
775 456
775 456
775 456
775 456
775 456
775 456
775 456
775 456
775 456
775 456
775 456
775 456
775 456
775 456
775 456
775 456
774 456
771 457
767 457
761 458
754 459
748 461
744 462
742 463
741 463
740 463
738 463
737 463
737 464
737 464
737 464
737 464
737 464
737 464
737 464
737 464
737 464
737 464
737 464
737 464
737 464
737 464
737 464
737 464
737 464
737 464
737 464
736 464
728 469
716 474
710 477
705 479
698 482
693 484
691 485
691 485
691 485
691 485
691 485
691 485
691 486
698 486
711 490
724 491
734 490
738 491
738 491
738 490
738 487
737 486
737 486
736 483
735 479
735 479
735 479
735 479
735 479
735 479
735 479
735 479
735 479
735 479
735 479
735 479
735 479
735 479
735 479
734 477
733 474
731 472
730 472
730 472
730 472
730 472
729 472
728 472
726 472
726 472
726 472
726 472
726 472
726 472
726 472
726 472
726 472
726 472
726 472
726 472
726 472
726 472
726 472
726 472
726 472
726 472
726 472
726 472
726 472
726 472
726 472
726 472
726 472
726 472
726 472
726 472
726 472
726 472
726 472
726 472
726 472
726 472
726 472
726 472
726 472
726 472
727 472
729 472
735 472
748 474
756 475
757 475
758 475
758 475
758 475
758 475
758 475
758 475
758 475
758 475
758 475
758 475
758 475
758 475
758 475
758 474
758 474
758 474
758 474
758 474
758 474
758 474
758 474
758 474
758 474
758 474
758 474
758 474
758 474
759 474
760 478
760 480
760 480
760 480
760 480
760 480
759 479
758 479
758 479
758 479
758 478
757 478
756 477
756 477
756 477
756 477
756 477
756 477
756 477
756 477
756 477
756 477
756 477
756 477
756 477
756 477
756 477
756 477
754 476
752 476
752 476
752 476
752 476
752 476
752 476
752 476
752 476
752 476
752 476
752 476
752 476
752 476
752 476
752 476
752 476
752 476
752 476
752 476
752 476
752 476
752 476
752 476
752 476
752 476
752 476
752 476
752 476
752 476
752 476
752 476
750 476
744 476
736 479
725 482
719 483
718 484
717 484
715 485
712 486
710 486
710 486
708 486
696 490
668 500
627 514
584 529
552 537
535 541
534 542
534 542
534 542
534 542
534 542
534 542
534 542
533 543
532 543
532 544
532 544
532 544
532 544
532 544
532 544
532 544
537 544
548 542
562 538
575 535
582 533
587 531
593 528
597 526
597 526
597 526
597 525
601 522
604 519
606 519
608 517
610 515
612 514
613 514
615 513
617 512
619 511
621 510
621 509
621 509
621 509
621 509
621 509
621 509
621 509
621 509
621 509
622 509
623 508
624 508
624 508
624 508
624 508
625 507
626 506
627 506
628 506
628 505
629 505
632 504
635 502
636 502
636 502
637 501
639 500
640 500
642 500
643 499
645 498
646 498
646 498
648 497
650 496
652 496
653 495
653 495
653 495
655 495
657 494
659 494
659 494
659 494
659 494
659 494
662 493
665 492
666 491
666 491
666 491
666 491
666 491
666 491
667 491
669 490
670 490
670 490
671 489
672 489
675 488
678 488
679 487
679 487
681 487
683 486
684 486
685 486
685 486
685 486
685 486
685 486
685 486
685 486
685 486
685 486
685 486
685 486
685 486
685 486
685 486
685 486
685 486
685 486
685 486
685 486
685 486
686 486
689 486
698 489
711 496
715 497
717 498
719 498
719 498
719 498
719 498
719 498
719 495
718 493
717 491
717 490
717 490
717 490
717 490
717 490
717 490
717 490
717 490
717 490
717 490
716 487
716 486
714 485
712 484
712 484
710 484
709 484
708 484
708 484
708 484
708 484
708 484
708 484
708 484
708 484
708 484
708 484
708 484
708 484
708 484
708 483
708 481
707 480
706 479
705 479
