624 600
624 600
624 600
624 600
624 600
624 600
624 600
624 600
624 600
624 600
624 600
624 600
624 600
624 600
624 600
624 600
624 600
624 600
624 600
624 600
624 600
624 600
624 600
624 600
624 600
624 600
624 600
624 600
624 600
624 600
624 600
624 600
624 600
624 600
624 600
624 600
624 600
624 600
624 600
624 600
624 600
624 600
624 600
624 600
624 600
624 600
624 600
624 600
624 600
624 600
624 600
624 600
624 600
624 600
624 600
624 600
624 600
624 600
624 600
624 600
624 600
624 600
624 600
624 600
624 600
624 600
624 600
624 600
624 600
624 600
624 600
624 600
624 600
626 600
627 600
627 600
628 600
629 600
630 602
634 611
636 627
637 646
636 666
633 684
629 698
626 712
624 718
623 721
623 721
623 721
623 721
623 721
623 721
623 721
623 721
623 721
623 721
623 721
623 721
623 719
624 708
628 696
631 688
632 685
632 683
633 683
633 682
633 682
633 681
633 681
633 681
633 681
633 681
633 681
633 681
633 681
633 681
633 681
633 681
633 681
633 681
633 681
633 681
633 681
633 681
633 681
633 681
633 681
633 681
633 681
633 681
633 681
633 681
633 681
633 681
633 681
633 681
633 681
633 681
633 681
633 681
633 681
633 681
633 681
633 681
633 681
633 681
633 681
633 681
634 677
637 670
640 663
641 659
644 654
646 648
648 644
649 642
650 638
652 634
654 631
655 629
656 627
656 625
658 622
658 621
658 620
658 619
658 619
658 619
659 616
659 615
659 615
659 615
659 615
659 615
659 615
659 614
660 613
660 612
660 611
660 610
660 610
660 610
660 610
660 609
661 608
661 607
661 606
661 605
662 604
662 604
662 604
662 603
663 601
663 601
663 601
663 601
663 601
663 600
663 599
663 599
663 599
663 599
663 599
663 599
663 599
663 599
663 599
663 599
663 599
663 599
663 599
663 599
663 599
663 599
663 599
663 599
663 599
663 599
663 599
663 599
663 599
663 599
663 599
663 599
663 599
663 599
663 599
663 599
663 599
663 599
663 599
663 599
663 599
663 599
663 599
663 599
663 599
663 599
663 599
663 599
663 599
663 599
663 599
663 599
663 599
663 599
663 599
663 599
663 599
663 599
663 599
663 599
663 599
663 599
663 599
663 599
663 599
663 599
663 599
663 599
663 599
663 599
663 599
663 599
663 599
663 599
663 599
663 599
663 599
663 599
663 599
663 599
663 599
663 599
663 599
663 599
663 599
663 599
663 599
663 599
663 599
663 599
663 599
663 599
663 599
663 599
663 599
663 599
663 599
663 599
663 599
663 599
663 599
663 599
663 599
663 599
663 599
663 599
663 599
663 599
663 599
663 599
663 599
663 599
663 599
663 599
663 599
663 599
663 599
663 599
663 599
663 599
663 599
663 599
663 599
663 599
663 599
663 599
663 599
663 599
663 599
663 599
663 599
663 599
663 599
663 599
663 599
663 599
663 599
663 599
663 599
663 599
663 599
663 599
663 599
663 599
663 599
663 599
663 599
663 599
663 599
663 599
663 599
663 599
663 599
663 599
663 599
663 599
663 599
663 599
663 599
663 599
663 599
663 599
663 599
663 599
663 599
663 599
663 599
663 599
663 599
663 599
663 599
663 599
663 599
663 599
663 599
663 599
663 599
663 599
663 599
663 599
663 599
663 599
663 599
663 599
663 599
663 599
663 599
663 599
663 599
663 599
663 599
663 599
663 599
663 599
663 599
663 599
663 599
663 599
663 599
663 599
663 599
663 599
663 599
663 599
663 599
663 599
663 599
663 599
657 599
641 604
620 611
601 621
588 630
581 637
576 645
574 653
573 658
573 659
573 659
573 659
573 659
573 659
573 659
573 659
573 659
573 659
573 659
573 659
573 659
573 659
573 659
573 659
573 659
573 659
573 659
573 659
573 659
573 659
573 659
573 659
573 659
573 659
573 659
573 659
573 659
573 659
573 659
573 659
573 659
573 659
573 659
573 659
573 659
573 659
573 659
573 659
573 659
573 659
573 659
573 659
573 659
573 659
573 659
573 659
573 659
573 659
573 659
573 659
573 659
573 659
573 659
573 659
573 659
573 659
573 659
573 659
573 659
573 659
573 659
573 659
573 659
573 659
573 659
573 659
573 659
573 659
573 659
573 659
573 659
573 659
573 659
573 659
573 659
573 659
573 659
573 659
573 659
573 659
573 659
573 659
573 659
573 659
573 659
573 659
573 659
573 659
573 659
573 659
573 659
573 659
573 659
573 659
573 659
573 659
573 659
573 659
573 659
573 659
573 659
573 659
573 659
573 659
573 659
573 659
573 659
573 659
573 659
573 659
573 659
573 659
573 659
573 659
573 659
573 659
573 659
573 659
573 659
573 659
573 659
573 659
573 659
573 659
573 659
573 659
573 659
573 659
573 659
573 659
573 659
573 659
573 659
573 659
573 659
573 659
573 659
573 659
573 659
573 659
573 659
573 659
573 659
573 659
573 659
573 659
573 659
573 659
573 659
573 659
573 659
573 659
573 659
573 659
573 659
573 659
573 659
573 659
573 659
573 659
573 659
573 659
573 659
573 659
573 659
573 659
573 659
573 659
573 659
573 659
573 659
573 659
573 659
573 659
573 659
573 659
573 659
573 659
573 659
573 659
573 659
573 659
574 665
576 671
579 678
581 684
582 689
583 694
583 697
583 698
583 699
583 699
583 699
583 699
583 699
583 699
583 699
583 699
583 699
583 699
583 699
583 699
583 699
583 699
583 699
583 699
584 696
584 692
585 690
585 690
585 690
585 690
585 690
585 690
585 690
585 690
585 690
585 690
585 690
585 690
585 690
585 690
585 690
585 690
585 690
585 690
585 690
585 690
585 690
585 690
585 690
585 690
585 690
585 690
585 690
585 690
585 690
585 690
585 690
585 690
585 690
585 690
585 690
585 690
585 690
585 690
585 690
585 690
585 690
586 690
598 687
612 683
617 682
617 682
617 682
617 682
617 682
617 682
617 682
617 682
617 682
617 682
617 682
617 682
617 682
617 682
617 682
617 682
617 682
617 682
617 682
617 682
617 682
617 682
617 682
617 682
617 682
617 682
617 682
617 682
617 682
617 682
617 682
617 682
617 682
617 682
617 682
617 682
617 682
617 682
617 682
617 682
617 682
617 682
618 682
618 682
618 682
618 682
618 682
618 682
618 682
618 682
618 682
618 682
618 682
618 682
618 682
618 682
618 682
618 682
618 682
618 682
618 682
618 682
618 682
619 682
620 682
620 682
620 682
620 682
620 682
620 682
620 682
620 682
620 682
620 682
620 682
620 682
620 682
620 682
620 682
620 682
620 682
620 682
620 682
620 682
620 682
620 682
620 682
620 682
620 682
620 682
620 682
620 682
620 682
620 682
620 682
620 682
620 682
620 682
620 682
620 682
620 682
620 682
620 682
620 682
620 682
620 682
620 682
620 682
620 682
620 682
620 682
620 682
620 682
620 682
620 682
620 682
620 682
620 682
620 682
620 682
620 682
620 682
620 682
620 682
620 682
620 682
620 682
620 682
620 682
620 682
620 682
620 682
620 682
620 682
620 682
620 682
620 682
620 682
620 682
620 682
620 682
620 682
620 682
620 682
620 682
620 682
620 682
620 682
620 682
620 682
620 682
620 682
620 682
620 682
620 682
620 682
620 682
620 682
620 682
620 682
620 682
620 682
620 682
620 682
620 682
620 682
620 682
620 682
620 682
620 682
620 682
620 682
620 682
620 682
620 682
620 682
620 682
620 682
620 682
625 686
630 688
632 688
633 688
633 688
633 688
633 688
633 688
633 688
633 688
633 688
633 688
633 688
633 688
633 688
633 688
633 688
633 688
633 688
633 688
633 688
633 688
633 688
633 688
633 688
633 688
633 688
633 688
633 688
633 688
633 688
633 688
633 688
633 688
633 688
633 688
633 688
633 688
633 688
633 688
633 688
633 688
633 688
633 688
633 688
633 688
633 688
633 688
633 688
633 688
633 688
633 688
634 692
637 697
639 700
640 702
640 702
640 702
640 702
640 702
640 702
640 702
640 702
640 702
640 702
640 702
640 702
640 702
640 702
640 702
640 702
640 702
640 702
640 702
640 702
640 702
640 702
640 702
639 704
630 715
624 724
621 729
620 730
619 731
619 731
619 731
619 731
619 731
619 731
619 731
619 731
619 731
618 731
615 733
610 735
604 738
596 744
582 754
570 763
562 768
551 774
538 781
526 785
521 786
520 786
519 786
519 786
519 785
519 781
522 774
528 765
536 756
544 750
550 745
554 742
555 741
555 741
555 741
555 741
555 741
555 741
555 741
555 741
555 741
557 738
558 734
560 728
563 723
564 719
565 713
565 710
565 709
565 708
565 707
565 707
565 707
565 707
566 704
566 703
566 703
566 703
566 703
566 702
566 701
566 701
566 701
566 699
566 697
566 696
566 696
566 696
566 696
566 696
566 696
566 696
566 696
566 696
566 696
566 696
566 696
566 696
566 696
566 696
566 696
566 696
566 696
566 696
566 696
566 696
566 696
566 696
566 696
566 696
566 696
566 696
566 696
566 696
566 696
566 696
566 696
566 696
566 696
566 696
566 696
566 696
566 696
566 696
566 696
566 696
566 696
566 696
566 696
566 696
566 696
566 696
566 696
566 696
566 696
566 696
566 696
566 696
566 696
566 696
566 696
566 696
566 696
566 696
566 696
566 696
566 696
566 696
566 696
566 696
566 696
566 696
566 696
566 696
566 696
566 696
566 696
566 696
566 696
566 696
566 696
566 696
566 696
566 696
566 696
566 696
566 696
566 696
566 696
566 696
566 696
566 696
566 696
566 696
566 696
566 696
566 696
566 696
566 696
566 696
566 696
566 696
566 696
566 696
566 696
566 696
566 696
566 696
566 696
566 696
566 696
566 696
566 696
566 696
566 696
566 696
566 696
566 696
566 696
566 696
566 696
566 696
566 696
566 696
566 696
566 696
566 696
565 694
564 693
564 693
564 693
564 693
563 692
563 692
563 692
563 692
563 692
563 692
563 692
563 692
563 692
563 692
563 692
563 692
563 692
563 692
563 692
563 692
563 692
563 692
563 692
560 691
526 686
462 681
386 679
290 678
197 677
134 677
108 677
108 677
108 677
108 677
108 677
108 677
108 677
108 677
108 677
108 677
108 677
108 677
108 677
108 677
108 677
108 677
108 677
108 677
108 677
108 677
108 677
108 677
108 677
108 677
109 677
109 677
109 677
109 677
109 677
109 677
109 677
109 677
109 677
109 677
109 677
109 677
109 677
109 677
109 677
109 677
109 677
109 677
109 677
109 677
109 677
109 677
109 677
109 677
109 677
109 677
109 677
109 677
109 677
109 677
109 677
109 677
109 677
109 677
109 677
109 677
109 677
109 677
109 677
109 677
109 677
109 677
109 677
109 677
109 677
109 677
109 677
109 677
109 677
109 677
109 677
109 677
110 677
114 677
118 677
118 677
118 677
119 677
120 677
120 677
123 677
123 677
123 677
123 677
123 677
123 677
123 677
123 677
123 677
123 677
123 677
123 677
123 677
123 677
123 677
123 677
123 677
123 677
123 677
123 677
123 677
123 677
123 677
123 677
123 677
123 677
123 677
123 677
123 677
123 677
123 677
123 677
123 677
123 677
123 677
123 677
123 677
123 677
123 677
123 677
123 677
123 677
123 677
123 677
123 677
123 677
123 677
123 677
123 677
123 677
123 677
123 677
123 677
123 677
123 677
123 677
123 677
123 677
123 677
123 677
123 677
123 677
123 677
123 677
123 677
123 677
123 677
123 677
123 677
123 677
123 677
123 677
123 677
123 677
123 677
123 677
123 677
123 677
123 677
123 677
123 677
123 677
123 677
123 677
123 677
123 677
123 677
123 677
123 677
123 677
123 677
123 677
123 677
123 677
123 677
123 677
123 677
123 677
123 677
123 677
123 677
123 677
123 677
123 677
123 677
123 677
123 677
123 677
123 677
123 677
123 677
123 677
123 677
123 677
123 677
123 677
123 677
123 677
123 677
123 677
123 677
123 677
123 677
124 677
143 677
200 674
285 666
368 659
433 655
474 653
483 653
483 653
483 653
482 653
482 653
482 653
482 653
482 653
482 653
482 653
482 653
482 653
482 653
482 653
482 653
482 653
482 653
482 653
482 653
482 653
482 653
482 653
482 653
482 653
482 653
482 653
482 653
482 653
482 653
482 653
482 653
482 653
482 653
482 653
482 653
482 653
482 653
482 653
482 653
482 653
482 653
482 653
482 653
482 653
482 653
482 653
482 653
482 653
482 653
482 653
482 653
482 653
482 653
482 653
482 653
482 653
482 653
482 653
482 653
482 653
482 653
482 653
482 653
482 653
482 653
482 653
482 653
482 653
482 653
482 653
482 653
482 653
482 653
482 653
482 653
482 653
482 653
482 653
482 653
482 653
482 653
482 653
482 653
482 653
482 653
482 653
482 653
482 653
482 653
482 653
482 653
482 653
482 653
482 653
482 653
482 653
482 653
482 653
482 653
482 653
482 653
482 653
482 653
482 653
482 653
482 653
482 653
482 653
482 653
482 653
482 653
482 653
482 653
482 653
482 653
482 653
482 653
482 653
482 653
482 653
482 653
482 653
482 653
482 653
482 653
482 653
482 653
483 653
483 653
483 653
483 653
483 653
483 653
483 653
484 653
485 655
485 655
485 655
485 655
485 655
485 655
485 655
485 655
486 657
487 660
488 660
488 660
488 660
489 662
490 664
490 664
490 664
490 664
492 666
493 667
494 668
495 669
495 670
496 670
497 672
498 672
499 673
501 674
502 674
504 676
507 677
508 677
508 677
509 677
511 678
511 679
511 679
511 679
511 679
513 680
515 681
515 681
515 681
515 681
515 681
515 681
515 681
515 681
515 681
515 681
515 681
515 681
515 681
515 681
515 682
515 682
515 682
515 682
515 682
515 682
515 682
515 682
515 682
515 682
515 682
515 682
515 682
515 682
515 682
515 682
515 682
515 682
515 682
515 682
515 682
515 682
515 682
515 682
515 682
515 682
515 682
515 682
515 682
515 682
515 682
515 682
515 682
515 682
515 682
515 682
515 682
515 682
515 682
515 682
515 682
515 682
515 682
515 682
515 682
515 682
515 682
515 682
515 682
515 682
515 682
515 682
515 682
515 682
515 682
515 682
515 682
515 682
515 682
515 682
515 682
515 682
515 682
515 682
515 682
515 682
515 682
515 682
515 682
515 682
515 682
515 682
515 682
515 682
515 682
515 682
515 682
515 682
515 682
515 682
515 682
515 682
515 682
515 682
515 682
515 682
515 682
515 682
515 682
515 682
515 682
515 682
515 682
515 682
515 682
515 682
515 682
515 682
515 682
515 682
515 682
515 682
515 682
515 682
515 682
515 682
515 682
515 682
515 682
515 682
515 682
515 682
515 682
515 682
515 682
515 682
515 682
515 682
515 682
515 682
515 682
517 682
518 683
518 683
520 683
522 683
522 684
524 684
524 684
524 684
524 684
524 684
524 684
524 684
524 684
524 684
524 684
524 684
524 684
524 684
524 684
524 684
524 684
524 684
524 684
524 684
524 684
524 684
524 684
524 684
524 684
524 684
524 684
524 684
524 684
524 684
524 684
524 684
524 684
524 684
524 684
524 684
524 684
524 684
524 684
524 684
524 684
524 684
524 684
524 684
524 684
524 684
524 684
524 684
524 684
524 684
524 684
524 684
524 684
524 684
524 684
524 684
524 684
524 684
524 684
524 684
524 684
524 684
524 684
524 684
524 684
524 684
524 684
524 684
524 684
524 684
524 684
524 684
524 684
524 684
524 684
524 684
524 684
524 684
524 684
524 684
524 684
524 684
524 684
524 684
524 684
524 684
524 684
524 684
524 684
524 684
524 684
524 684
524 684
524 684
524 684
524 684
524 684
524 684
524 684
524 684
524 684
524 684
524 684
524 684
524 684
524 684
524 684
524 684
524 684
524 684
524 684
524 684
524 684
524 684
524 684
524 684
524 684
524 684
525 684
525 684
526 684
526 684
526 684
526 684
526 684
526 684
531 683
532 682
