853 494
853 494
853 494
852 494
852 494
852 494
852 494
852 494
852 494
852 494
852 494
852 494
852 494
852 494
852 494
852 494
852 494
852 495
852 495
852 495
852 495
852 495
852 495
852 495
852 495
852 495
849 495
849 495
848 495
848 495
848 495
848 495
848 495
848 495
848 495
848 495
847 495
847 495
847 495
846 495
846 495
846 495
846 495
846 495
846 495
846 495
846 495
846 495
846 495
846 495
846 495
846 495
845 495
845 495
845 495
845 495
845 495
845 495
845 495
845 495
845 495
845 495
845 495
845 495
845 495
845 495
845 495
845 495
845 495
845 495
845 495
845 495
845 495
845 495
845 495
845 495
845 495
845 495
845 495
845 495
845 495
845 495
845 495
845 495
845 495
845 495
845 495
845 495
845 495
845 495
845 495
845 495
845 495
845 495
845 495
845 495
845 495
845 495
845 495
845 495
845 495
845 495
845 495
845 495
845 495
845 495
845 495
845 495
845 495
845 495
845 495
845 495
845 495
845 495
845 495
845 495
845 495
845 495
845 495
843 495
842 495
842 495
842 495
842 495
842 495
842 495
842 495
842 495
842 495
842 495
842 495
842 495
842 495
842 495
842 495
842 495
842 495
842 495
842 495
842 495
842 495
842 495
842 495
842 495
842 495
842 495
842 495
842 495
842 495
842 495
842 495
842 495
842 495
842 495
842 495
842 495
842 495
842 495
842 495
842 495
842 495
842 495
842 495
842 495
842 495
842 495
842 495
842 495
842 495
842 495
842 495
842 495
842 495
842 495
841 495
841 495
841 495
841 495
841 495
840 495
840 495
840 495
840 495
840 495
840 495
840 495
840 495
840 495
840 495
840 495
840 495
840 495
840 495
840 495
840 495
840 495
840 495
840 495
840 495
840 495
840 495
840 495
840 495
840 495
840 495
840 495
840 495
840 495
840 495
840 495
840 495
840 495
840 495
840 495
840 495
840 495
840 495
840 495
840 495
838 495
838 495
837 495
837 495
837 495
837 495
837 495
837 495
837 495
837 495
837 495
837 495
837 495
837 495
837 495
837 495
837 495
837 495
837 495
837 495
837 495
837 496
837 496
837 496
837 496
837 496
837 496
837 496
837 496
837 496
837 496
837 496
837 496
837 496
837 496
837 496
837 496
837 496
837 496
837 496
837 496
837 496
837 496
837 496
837 496
837 496
837 496
837 496
837 496
837 496
837 496
837 496
837 496
837 496
837 496
837 496
837 496
837 496
837 496
837 496
837 496
837 496
837 496
837 496
837 496
837 496
837 496
837 496
837 496
837 496
837 496
837 496
837 496
837 496
837 496
837 496
837 496
837 496
837 496
837 496
837 496
837 496
837 496
837 496
837 496
837 496
837 496
837 496
837 496
837 496
837 496
837 496
837 496
837 496
837 496
837 496
837 496
837 496
837 496
837 496
837 496
837 496
837 496
837 496
837 496
837 496
837 496
837 496
837 496
837 496
837 496
837 496
837 496
837 496
837 496
837 496
837 496
837 496
837 496
837 496
837 496
837 496
837 496
837 496
837 496
837 496
837 496
837 496
837 496
837 496
837 496
837 496
837 496
837 496
837 496
837 496
837 496
837 496
837 496
837 496
837 496
837 496
837 496
837 496
837 496
837 496
837 496
837 496
837 496
837 496
837 496
837 496
837 496
837 496
837 496
836 496
836 496
836 496
836 496
836 496
836 496
836 496
836 496
836 496
836 496
836 496
836 496
836 496
836 496
836 496
836 496
836 496
836 496
836 496
836 496
836 496
836 496
836 496
836 496
836 496
836 496
836 496
836 496
836 496
836 496
836 496
836 496
836 496
836 496
836 496
836 496
836 496
836 496
836 496
836 496
836 496
836 496
836 496
836 496
836 496
836 496
836 496
836 496
836 496
836 496
836 496
836 496
836 496
836 496
836 496
836 496
836 496
836 496
836 496
836 496
836 496
836 496
836 496
836 496
836 496
836 496
836 496
836 496
836 496
836 496
836 496
836 496
836 496
835 496
835 496
835 496
835 496
835 496
835 496
835 496
835 496
835 496
835 496
835 496
835 496
835 496
835 496
835 496
835 496
835 496
835 496
835 496
835 496
835 496
835 496
835 497
835 497
835 497
835 497
835 497
834 497
834 497
834 497
834 497
834 497
834 497
834 497
834 497
834 497
834 497
834 497
834 497
834 497
834 497
834 497
834 497
834 497
834 497
834 497
834 497
834 497
834 497
834 497
834 497
834 497
834 497
834 497
834 497
834 497
834 497
834 497
834 497
834 497
834 497
834 497
834 497
834 497
834 497
834 497
834 497
834 497
834 497
834 497
834 497
834 497
834 497
834 497
834 497
834 497
834 497
834 497
834 497
834 497
834 497
834 497
834 497
834 497
834 497
834 497
834 497
834 497
834 497
834 497
834 497
834 497
834 497
834 497
834 497
834 497
834 497
834 497
834 497
834 497
834 497
834 497
834 497
834 497
834 497
834 497
834 497
834 497
834 497
834 497
834 497
834 497
838 487
851 472
870 450
896 421
933 392
987 356
1027 322
1057 294
1074 267
1093 238
1121 197
1142 173
1156 161
1160 157
1159 156
1152 153
1147 150
1146 147
1146 140
1149 134
1151 130
1152 130
1152 129
1146 130
1135 139
1119 159
1107 178
1099 192
1095 207
1077 226
1036 257
979 297
935 327
892 350
845 373
831 379
828 384
824 391
824 394
824 394
825 394
834 393
845 385
861 369
880 355
895 344
917 327
937 312
959 296
979 281
994 270
1008 260
1018 254
1023 251
1023 251
1023 251
1023 251
1023 251
1023 251
1023 251
1023 251
1023 251
1023 251
1023 251
1023 251
1022 251
1022 251
1020 251
1020 251
1019 251
1016 252
1009 255
998 263
984 272
964 285
946 296
929 307
911 317
894 326
886 331
881 334
877 336
874 338
869 341
863 346
855 353
847 360
838 369
828 381
819 391
811 398
808 401
807 402
807 402
807 402
807 402
807 402
807 402
807 402
807 402
807 402
807 402
807 402
807 402
807 402
807 402
807 402
807 402
807 402
807 402
807 402
807 402
807 402
807 402
807 402
807 402
793 409
771 422
750 438
737 450
734 453
734 453
734 453
734 453
734 453
734 453
734 453
734 453
734 453
734 453
734 453
734 453
734 453
734 453
734 453
734 453
734 453
734 453
734 453
734 453
734 453
734 453
734 453
734 453
734 453
734 453
734 453
734 453
734 453
734 453
734 453
734 453
734 453
734 453
734 453
734 453
734 453
734 453
734 453
734 453
734 453
734 453
734 453
734 453
734 453
734 453
734 453
734 453
734 453
734 453
734 453
734 453
734 453
734 453
734 453
734 453
734 453
734 453
734 453
734 453
734 453
734 453
734 453
734 453
734 453
734 453
734 453
734 453
734 453
734 453
734 453
734 453
734 453
734 453
734 453
734 453
734 453
734 453
734 453
734 453
734 453
734 453
734 453
734 453
734 453
734 453
734 453
734 453
734 453
734 453
734 453
734 453
734 453
734 453
734 453
734 453
734 453
734 453
734 453
723 460
689 478
630 501
567 523
513 549
472 575
439 598
415 620
399 642
384 662
372 681
358 695
350 702
350 703
350 703
350 703
350 703
350 703
350 703
350 703
350 703
350 703
350 703
350 703
350 703
350 703
350 703
350 703
355 701
372 690
395 669
421 641
442 613
451 587
457 567
462 547
467 528
472 512
477 501
481 493
487 484
499 472
511 462
522 456
526 453
528 452
531 450
537 447
548 443
557 438
561 436
567 435
575 433
590 432
613 426
631 421
638 419
639 419
639 419
640 419
642 418
648 415
657 409
662 406
664 406
664 406
664 406
664 406
664 406
664 406
664 406
664 405
664 405
665 405
671 402
680 398
699 389
734 374
780 355
829 336
872 318
919 300
970 279
1023 254
1077 225
1127 192
1177 152
1224 117
1262 92
1290 72
1309 55
1326 37
1336 21
1340 13
1342 4
1341 0
1338 0
1336 0
1336 0
1337 0
1339 0
1339 0
1339 0
1339 0
1339 0
1339 0
1339 0
1339 0
1339 0
1339 0
1339 0
1339 0
1339 0
1339 0
1339 0
1339 0
1339 0
1339 0
1339 0
1339 0
1339 0
1338 0
1338 0
1338 0
1337 0
1337 0
1337 0
1337 0
1338 0
1341 0
1346 0
1351 0
1356 0
1361 0
1363 0
1364 0
1364 0
1367 0
1367 0
1369 0
1370 0
1370 0
1372 0
1377 0
1378 0
1378 0
1378 0
1378 0
1380 0
1381 0
1383 0
1384 0
1384 0
1384 0
1384 0
1384 0
1384 2
1384 2
1384 2
1387 4
1387 4
1387 4
1387 4
1387 4
1387 4
1387 4
1387 4
1387 4
1387 4
1387 4
1387 4
1387 4
1387 4
1387 4
1387 4
1387 4
1387 4
1387 4
1387 4
1387 4
1387 4
1387 4
1387 4
1387 4
1387 4
1387 4
1387 4
1387 4
1387 4
1387 4
1387 4
1387 4
1387 4
1387 4
1387 4
1387 4
1387 4
1387 4
1387 4
1387 4
1387 4
1387 4
1387 4
1387 4
1387 4
1387 4
1387 4
1387 4
1387 4
1387 4
1385 4
1383 4
1382 4
1382 4
1381 4
1381 4
1381 5
1380 5
1379 5
1376 5
1369 7
1363 9
1360 11
1351 13
1332 17
1308 20
1273 22
1217 19
1144 21
1106 26
1091 25
1069 19
1058 15
1048 9
1021 0
1001 0
993 0
981 0
974 0
974 0
974 0
974 0
984 0
1025 0
1052 0
1058 0
1058 0
1058 0
1058 0
1058 0
1058 0
1062 0
1072 0
1089 0
1093 0
1093 0
1093 0
1093 0
1093 0
1093 0
1093 0
1093 0
1093 0
1092 0
1092 0
1092 0
1092 0
1092 0
1092 0
1092 0
1092 0
1093 0
1100 0
1113 0
1119 0
1125 0
1125 0
1125 0
1125 0
1125 0
1125 0
1125 0
1125 0
1125 0
1125 0
1125 0
1125 0
1125 0
1125 0
1125 0
1121 0
1119 0
1117 0
1112 0
1112 0
1110 0
1103 1
1095 1
1095 1
1095 1
1095 1
1095 1
1095 1
1095 1
1095 1
1095 1
1095 1
1095 1
1095 1
1095 1
1095 1
1095 1
1095 1
1095 2
1095 2
1095 2
1095 2
1095 2
1095 2
1095 2
1095 2
1095 2
1095 2
1095 2
1095 2
1095 2
1095 2
1095 2
1095 2
1095 2
1095 2
1095 2
1095 2
1095 2
1095 2
1095 2
1095 2
1095 2
1095 2
1095 2
1095 2
1095 2
1095 2
1095 2
1095 2
1095 2
1095 2
1095 2
1095 2
1095 2
1095 2
1095 2
1095 2
1095 2
1095 2
1095 2
1095 2
1097 2
1106 0
1116 0
1125 0
1130 0
1132 0
1134 0
1134 0
1134 0
1134 0
1134 0
1134 0
1134 0
1134 0
1134 0
1134 0
1134 0
1134 0
1134 0
1134 0
1134 0
1134 0
1134 0
1134 0
1135 0
1141 0
1146 0
1158 0
1163 0
1163 0
1163 0
1163 0
1163 0
1168 0
1174 0
1176 0
1176 0
1176 0
1177 0
1177 0
1177 0
1177 0
1177 0
1177 0
1177 0
1177 0
1181 1
1185 1
1189 2
1189 2
1190 2
1190 2
1190 2
1191 2
1192 2
1192 2
1193 2
1193 2
1193 2
1193 2
1197 3
1200 3
1214 4
1232 5
1234 5
1234 5
1234 5
1234 5
1234 5
1234 5
1234 5
1234 5
1234 5
1235 5
1244 5
1250 5
1254 5
1263 6
1275 7
1281 6
1289 4
1303 2
1307 1
1307 1
1310 0
1322 0
1328 0
1330 0
1339 0
1341 0
1341 0
1341 0
1332 2
1313 8
1304 9
1302 9
1302 9
1302 9
1302 9
1302 9
1302 9
1302 9
1302 9
1301 9
1293 7
1284 7
1283 7
1283 7
1283 7
1276 7
1266 7
1251 8
1210 9
1147 13
1105 17
1069 18
1016 11
947 3
885 0
824 0
776 0
737 0
712 0
699 1
697 2
697 2
697 2
697 2
688 0
674 0
663 0
659 0
658 0
658 0
658 0
659 0
660 0
662 0
663 0
663 0
663 0
663 0
663 0
663 0
663 0
664 0
664 0
664 0
664 0
674 2
679 2
684 0
687 0
688 0
688 0
688 0
688 0
688 0
688 0
688 0
688 0
688 0
688 0
688 0
688 0
688 0
688 0
688 0
688 0
688 0
688 0
688 0
688 2
689 3
689 3
689 3
690 3
690 3
690 3
690 3
690 3
690 3
690 3
690 3
691 5
692 6
694 6
694 6
694 6
694 6
694 7
694 7
692 7
688 8
688 8
688 8
688 8
688 8
688 8
688 8
688 8
688 8
688 8
690 8
691 8
691 8
691 8
691 8
691 8
691 8
693 7
693 7
693 7
695 7
695 7
695 7
695 7
695 7
695 7
695 7
695 7
695 7
695 7
695 7
695 7
695 7
695 7
695 7
695 7
695 7
695 7
695 7
695 7
695 7
695 7
695 7
695 7
695 7
695 7
695 7
695 7
696 7
696 7
696 7
697 7
697 7
697 7
697 7
697 7
697 7
697 7
697 7
697 7
697 7
697 7
697 7
697 7
697 7
697 7
697 7
697 7
697 7
697 7
697 7
697 7
697 7
697 7
697 7
697 7
697 7
697 7
697 7
697 7
697 7
697 7
697 7
697 7
697 7
697 7
697 7
697 7
697 7
697 7
697 7
697 7
697 7
697 7
697 7
697 7
697 7
697 7
697 7
697 7
697 7
697 7
697 7
697 7
697 7
697 7
697 7
697 7
697 7
697 7
697 7
697 7
697 7
697 7
697 7
699 18
707 52
710 102
711 176
703 231
695 273
687 314
680 363
674 413
662 468
644 529
620 587
592 633
578 657
577 660
578 661
582 664
585 668
585 669
585 669
583 678
572 699
564 711
562 715
558 720
555 727
551 732
550 733
550 733
550 733
550 733
550 733
550 733
550 733
550 733
550 733
550 733
550 733
550 733
550 733
550 733
550 733
561 724
590 705
626 673
662 617
709 503
735 326
740 166
738 98
733 68
732 44
731 27
731 15
732 7
736 0
744 0
749 0
749 0
749 0
749 0
749 0
749 0
749 0
749 0
749 0
749 0
749 0
749 0
749 0
749 0
749 0
749 0
749 0
749 0
749 0
744 0
725 0
705 0
688 0
673 0
673 0
673 0
673 0
673 0
675 0
680 0
683 0
689 0
691 0
693 0
695 0
695 0
695 0
695 0
695 0
696 0
700 0
701 0
701 0
701 0
701 0
701 0
701 0
701 0
701 0
701 0
701 0
701 0
701 0
701 0
701 0
701 0
701 0
701 0
707 3
720 8
730 11
734 11
742 12
754 12
770 12
801 12
845 7
890 0
932 0
979 0
1034 0
1079 0
1092 0
1094 0
1095 0
1095 0
1095 0
1095 0
1095 0
1095 0
1096 0
1096 0
1097 0
1103 0
1109 0
1110 0
1110 0
1110 0
1110 0
1110 0
1110 0
1110 0
1110 0
1110 0
1110 0
1110 0
1109 0
1109 1
1108 1
1108 1
1108 1
1108 1
1108 1
1107 1
1106 2
1105 3
1103 4
1102 5
1099 6
1095 8
1092 11
1087 14
1084 17
1081 19
1077 23
1071 28
1067 31
1063 35
1057 40
1052 45
1047 50
1041 58
1035 66
1027 75
1022 83
1016 91
1012 98
1010 104
1008 110
1006 114
1005 117
1003 119
1001 121
1000 123
998 125
994 128
990 131
988 133
986 134
986 135
984 136
981 138
977 142
975 144
973 146
970 148
968 152
967 157
966 168
966 186
966 201
967 206
973 208
1003 204
1052 184
1100 159
1139 136
1178 111
1218 85
1255 60
1285 40
1296 30
1297 30
1298 29
1298 29
1299 28
1305 21
1311 15
1317 10
1323 7
1323 7
1323 7
1323 7
1323 7
1323 7
1323 7
1323 7
1323 7
1323 7
1323 7
1325 7
1325 7
1325 7
1314 24
1271 59
1176 114
1064 183
943 281
855 370
813 417
796 445
794 469
797 490
799 505
800 512
800 513
800 513
800 513
808 506
831 490
872 469
915 446
944 428
960 415
967 411
967 411
967 411
970 412
972 418
966 434
965 437
965 437
965 437
965 437
964 437
961 436
960 435
960 435
958 435
955 435
952 435
950 435
948 435
945 437
945 437
945 437
945 437
945 437
945 437
945 437
944 437
936 437
915 439
879 441
836 439
784 437
736 439
706 442
698 443
698 443
715 435
764 419
821 408
878 400
925 396
958 389
983 383
1008 380
1026 376
1035 372
1035 372
1034 368
1032 365
1031 364
1031 364
1031 364
1031 364
1031 364
1031 364
1031 364
1031 364
1031 364
1031 364
1031 364
1031 364
1031 364
1031 364
1031 364
1031 364
1031 364
1031 364
1030 364
1028 364
1026 365
1026 365
1026 365
1026 365
1026 365
1026 365
1026 365
1026 365
1026 365
1026 365
1022 365
1016 366
1014 367
1013 367
1010 368
1008 368
1005 369
1002 370
1001 370
1000 370
996 371
991 372
989 373
987 373
987 373
987 373
983 373
