705 479
705 479
705 478
710 476
723 472
733 470
743 468
758 466
774 464
789 465
796 466
796 467
797 469
797 470
797 470
797 470
797 470
797 470
797 470
796 470
793 468
793 467
793 467
793 467
793 467
793 467
793 467
793 467
793 467
793 467
793 467
793 467
793 467
792 467
791 467
791 467
791 467
791 467
791 467
791 467
790 467
787 468
780 472
766 479
749 489
735 496
724 502
713 508
707 511
706 511
706 511
706 511
706 511
706 511
706 511
706 511
706 511
706 511
706 511
706 511
706 511
706 511
706 511
706 511
706 511
706 511
706 511
706 511
706 511
699 513
679 524
660 535
644 546
640 550
640 550
640 550
640 550
640 550
640 550
640 550
640 550
640 550
640 550
640 550
640 550
640 550
640 550
640 550
640 550
640 550
640 550
640 550
640 550
640 550
640 550
640 550
640 550
640 550
640 550
640 550
640 550
640 550
640 550
640 550
640 550
640 550
640 550
640 550
640 550
640 550
640 550
640 550
640 550
640 550
640 550
640 550
640 550
640 550
640 550
640 550
640 550
640 550
640 550
640 550
640 550
640 550
640 550
640 550
640 550
640 550
640 550
640 550
640 550
640 550
640 550
640 550
640 550
640 550
640 550
640 550
640 550
640 550
640 550
640 550
640 550
640 550
640 550
640 550
640 550
640 550
640 550
640 550
640 550
640 550
640 550
640 550
640 550
640 550
640 550
640 550
640 550
640 550
640 550
640 550
640 550
640 550
640 550
640 550
640 550
640 550
640 550
640 550
640 550
640 550
640 550
640 550
640 550
640 550
640 550
640 550
640 550
640 550
640 550
640 550
640 550
640 550
640 550
640 550
640 550
640 550
640 550
640 550
640 550
640 550
640 550
640 550
640 550
640 550
640 550
640 550
640 550
640 550
640 550
640 550
640 550
640 550
640 550
640 550
640 550
640 550
640 550
640 550
640 550
640 550
640 550
640 550
640 550
640 550
640 550
640 550
640 550
640 550
640 550
640 550
640 550
640 550
640 550
640 550
640 550
640 550
640 550
640 550
640 550
640 550
640 550
640 550
640 550
640 550
640 550
640 550
640 550
640 550
640 550
640 550
640 550
640 550
640 550
640 550
640 550
640 550
640 550
640 550
640 550
640 550
640 550
640 550
640 550
640 550
640 550
640 550
640 550
640 550
640 550
640 550
640 550
640 550
640 550
640 550
640 550
640 550
640 550
640 550
640 550
640 550
640 550
640 550
640 550
640 550
640 550
640 550
640 550
640 550
640 550
640 550
640 550
640 550
640 550
640 550
640 550
640 550
640 550
640 550
640 550
637 553
633 560
627 570
617 587
602 611
590 631
585 646
581 659
578 666
578 668
577 669
575 671
574 674
574 674
574 674
574 674
574 674
574 674
574 674
574 674
574 674
574 674
574 674
574 674
574 674
574 674
574 674
574 674
574 674
574 674
574 674
574 674
574 674
574 674
574 674
574 674
574 674
574 674
574 674
574 674
574 674
574 674
574 674
574 674
574 674
574 674
574 674
574 674
574 674
574 674
574 674
574 674
574 674
574 674
574 674
574 674
574 674
574 674
574 674
574 674
574 674
574 674
574 674
574 674
574 674
574 674
573 674
573 674
573 674
573 674
573 674
573 674
573 674
573 674
573 674
573 674
573 674
573 674
573 674
573 674
573 674
573 674
573 674
573 674
573 674
573 674
573 674
573 674
573 674
573 674
573 674
573 674
573 674
573 674
573 674
573 674
573 674
573 674
573 674
573 674
573 674
573 674
573 674
573 674
573 674
573 674
573 674
573 674
573 674
573 674
573 674
573 674
573 674
573 674
573 674
573 674
573 674
573 674
573 674
573 674
573 674
573 674
573 674
573 674
573 674
573 674
573 674
573 674
573 674
573 674
573 674
573 674
573 674
573 674
573 674
573 674
573 674
573 674
573 674
573 674
573 674
573 674
573 674
573 674
573 674
573 674
573 674
573 674
573 674
573 674
573 674
573 674
573 674
573 674
572 675
570 681
561 700
554 726
553 752
552 772
550 788
547 798
545 801
545 807
545 816
545 819
546 819
546 819
547 814
548 807
549 803
549 798
550 793
550 792
550 792
550 791
550 791
550 791
550 791
550 791
550 791
550 791
550 791
550 791
550 791
550 791
550 791
550 791
550 791
550 791
550 791
550 791
550 791
550 791
550 791
550 791
550 791
550 791
550 791
550 791
550 791
550 791
550 791
550 791
550 791
550 791
550 791
550 791
550 791
550 791
550 791
550 791
550 791
550 791
550 791
550 791
550 791
550 791
550 791
550 791
550 791
550 791
550 791
550 791
550 791
550 791
550 791
550 791
550 791
550 791
550 791
550 791
550 791
550 791
550 791
550 791
550 791
550 791
550 791
550 791
550 791
550 791
550 791
550 791
550 791
550 791
550 791
550 791
550 791
550 791
550 791
550 791
550 791
550 791
550 791
550 791
550 791
550 791
550 791
550 791
550 791
550 791
550 791
550 791
550 791
550 791
550 791
550 791
549 791
549 792
549 794
549 794
549 796
549 798
551 800
551 800
551 800
551 800
551 800
551 800
551 800
551 800
551 800
551 800
551 800
551 800
551 799
551 799
551 798
551 797
551 797
551 797
551 797
551 796
551 795
551 795
551 795
551 795
551 795
551 795
551 795
551 795
551 795
551 795
551 795
551 795
551 795
551 795
551 795
551 795
551 795
551 795
551 795
551 795
551 795
551 795
551 795
551 795
551 795
551 795
551 795
551 795
551 795
551 795
551 795
551 795
552 793
557 788
567 779
584 767
592 764
592 764
593 764
596 767
598 769
598 771
598 774
598 776
598 778
598 779
598 779
598 780
598 780
597 780
597 780
597 780
597 780
597 780
597 780
596 780
596 780
596 780
596 780
596 781
596 781
596 781
596 781
596 781
596 781
596 781
596 781
596 781
596 781
596 781
596 781
596 781
596 781
596 781
596 781
596 781
596 781
596 781
596 781
596 781
596 781
596 781
596 781
596 781
596 781
596 781
596 781
596 781
596 781
596 781
596 781
596 781
596 781
596 781
596 781
596 781
596 781
596 781
596 781
596 781
596 781
596 781
596 781
596 781
596 781
596 781
596 781
596 781
596 781
596 781
596 781
596 781
596 781
596 781
596 781
596 781
596 781
596 781
596 781
596 781
596 781
596 781
596 781
596 781
596 781
596 781
596 781
596 781
596 781
596 781
596 781
596 781
596 781
596 781
596 781
596 781
596 781
596 781
596 781
596 781
596 781
596 781
596 781
596 781
596 781
596 781
596 781
596 781
596 781
596 781
596 781
596 781
596 781
596 781
596 781
596 781
596 781
596 781
596 781
596 781
596 781
596 781
596 781
596 781
596 781
596 781
596 781
596 781
596 781
596 781
596 781
596 781
596 781
596 781
596 781
596 781
596 781
596 781
596 781
596 781
596 781
596 781
596 781
607 773
630 760
658 742
670 736
670 736
670 736
669 736
663 741
653 750
638 760
624 768
615 774
606 780
601 782
594 786
581 793
574 796
571 798
569 799
569 799
569 799
569 799
569 799
569 799
569 799
569 799
569 799
572 799
580 798
587 795
594 793
597 792
597 792
597 792
597 792
597 792
597 792
597 792
597 792
597 792
597 792
597 792
597 792
597 792
597 792
597 792
597 792
597 792
597 792
597 792
597 792
597 792
597 792
597 792
597 792
597 792
597 792
597 792
597 792
598 792
598 792
598 792
598 792
598 792
598 792
598 792
598 792
598 792
598 792
598 792
598 792
598 792
598 792
598 792
598 792
598 792
599 792
600 792
600 792
600 792
600 792
600 792
600 792
600 792
600 792
600 792
600 792
600 792
600 792
600 792
600 792
600 792
600 792
600 792
600 792
600 792
600 792
600 792
600 792
600 792
600 792
600 792
600 792
600 792
600 792
600 792
600 792
600 792
600 792
600 792
600 792
600 792
600 792
600 792
600 792
600 792
600 792
600 792
600 792
600 792
600 792
600 792
600 792
600 792
600 792
600 792
600 792
600 792
600 792
600 792
600 792
600 792
600 792
600 792
600 792
600 792
600 792
600 792
600 792
600 792
600 792
600 792
600 792
600 792
600 792
600 792
600 792
600 792
600 792
600 791
600 791
600 791
600 791
600 791
600 791
600 791
600 791
600 791
600 791
600 791
600 791
600 791
600 791
600 791
600 791
600 791
599 791
599 791
599 791
599 791
599 791
599 791
599 791
599 791
599 791
599 791
599 791
599 791
599 791
599 791
599 791
599 791
599 791
599 791
599 791
599 791
599 791
599 791
599 789
600 789
600 789
600 789
600 789
600 789
600 789
600 789
600 788
600 787
600 787
600 787
600 787
600 787
600 787
600 787
600 787
600 787
600 787
600 787
600 787
600 787
600 787
600 787
600 787
600 787
600 787
600 787
600 787
600 787
600 787
600 787
600 787
600 787
600 787
600 787
600 787
600 787
600 787
600 787
600 787
600 787
600 787
600 787
600 787
600 787
600 787
600 787
600 787
600 787
600 787
600 787
600 787
600 787
600 787
600 787
600 787
600 787
600 787
600 787
600 787
600 787
600 787
600 787
600 787
600 787
600 787
600 787
600 787
600 787
600 787
600 787
600 787
600 787
600 787
600 787
600 787
600 787
600 787
600 787
600 787
600 787
600 787
600 787
600 787
600 787
600 787
601 787
607 788
613 789
618 790
629 791
641 791
653 792
655 792
655 792
655 792
654 792
647 791
643 791
641 791
641 791
641 791
641 791
641 791
641 791
642 791
643 791
643 791
643 791
643 791
643 791
643 791
643 791
643 791
644 792
644 792
644 792
644 792
644 792
644 793
646 794
647 794
647 794
647 794
647 794
647 794
647 794
647 794
647 795
647 795
647 795
647 795
647 795
647 795
647 795
647 795
647 795
647 795
647 796
646 796
646 796
645 796
644 798
642 799
641 801
640 802
640 802
640 802
640 802
640 802
640 802
640 802
640 802
640 802
639 801
639 800
639 800
639 800
639 799
639 799
638 798
638 797
638 797
638 797
637 797
637 797
637 797
637 797
637 797
637 797
637 797
637 797
637 797
637 797
637 797
637 797
637 797
637 797
637 797
637 797
637 797
637 797
637 797
637 797
637 797
637 797
637 797
637 797
637 797
637 797
637 797
637 797
637 797
637 797
637 797
637 797
637 797
637 797
637 797
637 797
637 797
637 797
637 797
637 797
637 797
637 797
637 797
637 797
637 797
637 797
637 797
637 797
637 796
637 796
637 796
637 796
637 796
637 796
637 796
637 796
637 796
637 796
637 796
637 796
637 796
637 796
637 796
637 796
637 796
637 796
637 796
637 796
637 796
637 796
637 796
637 796
637 796
637 796
637 796
637 796
637 796
637 796
637 796
637 796
637 796
637 796
637 796
637 796
637 796
637 796
637 796
637 796
637 796
637 796
637 796
637 796
637 796
637 796
637 796
637 796
637 796
637 796
637 796
637 796
637 796
637 796
637 796
637 796
637 796
637 796
637 796
637 796
635 792
628 782
612 760
606 735
627 697
659 658
673 639
679 631
690 623
709 610
719 604
719 604
711 618
686 639
667 647
663 646
661 639
665 632
667 632
667 631
671 630
677 627
683 624
683 624
683 624
683 624
683 624
683 624
683 624
683 624
683 624
683 624
683 624
683 624
683 624
683 624
683 624
683 624
683 624
683 624
683 624
682 624
679 624
679 624
679 624
678 624
678 624
678 624
678 624
678 624
677 624
674 624
672 624
671 622
671 619
671 619
671 619
671 619
671 619
671 619
671 619
671 619
671 619
671 621
671 621
671 622
671 622
671 622
671 622
671 622
671 622
671 622
671 624
671 624
671 624
671 624
671 624
671 624
671 624
671 624
671 624
671 624
668 626
662 636
653 646
647 650
645 652
642 656
638 661
637 662
637 662
637 662
637 662
637 662
637 662
637 662
637 662
637 662
643 664
656 668
696 675
743 672
766 671
769 671
769 671
769 670
769 663
770 659
770 658
770 657
770 657
770 657
770 657
770 657
770 657
770 657
770 657
770 657
770 657
770 657
770 657
770 657
770 657
770 657
770 657
770 657
770 657
770 657
770 657
770 657
770 657
770 657
770 657
770 657
770 657
770 657
764 655
756 648
751 640
745 635
740 634
740 634
740 634
740 634
740 634
740 634
740 634
740 634
740 634
740 634
740 634
740 636
741 640
741 640
741 640
735 640
725 643
718 644
713 645
707 646
700 647
697 647
697 647
697 647
695 648
689 652
680 658
667 669
656 680
646 688
638 696
635 699
634 700
630 703
626 707
618 713
610 719
599 725
588 733
578 737
575 739
575 739
575 739
575 739
575 739
575 739
572 739
572 739
572 739
572 739
572 739
572 739
572 739
572 739
572 739
572 738
572 738
574 736
582 727
599 709
617 692
630 678
638 666
645 654
652 645
655 641
656 641
656 641
656 641
656 641
656 641
656 641
656 641
656 641
656 641
656 640
656 640
656 640
656 640
656 640
656 640
656 640
656 640
658 636
658 636
658 636
659 636
659 638
655 650
652 656
652 656
652 656
652 656
652 656
652 656
652 656
652 656
652 656
652 656
652 656
651 653
651 653
651 653
651 653
651 653
651 653
651 653
651 653
651 653
651 653
651 653
651 653
651 653
651 653
651 653
651 653
651 653
651 653
651 653
651 653
651 653
651 653
651 653
651 653
651 653
650 653
650 653
650 653
650 653
650 653
650 653
650 653
650 653
650 653
650 653
650 653
650 653
650 653
650 653
650 653
650 653
650 653
650 653
650 653
650 653
650 653
650 653
650 653
650 653
650 653
650 653
650 653
650 653
650 653
650 653
650 653
650 653
650 653
650 653
650 653
650 653
650 653
650 653
650 653
650 653
650 653
650 653
650 653
650 653
650 648
650 642
653 637
657 633
664 631
668 630
673 630
681 630
683 631
681 631
680 630
680 630
679 630
679 630
680 628
680 628
682 625
684 625
684 625
684 625
684 621
684 618
684 613
683 609
682 606
682 606
682 606
682 606
682 606
682 606
682 606
680 605
679 602
678 601
677 600
677 599
677 599
677 599
677 599
677 599
677 599
677 599
677 599
677 599
677 599
677 599
677 598
677 598
677 598
677 598
677 597
676 596
676 596
677 596
678 595
679 595
679 595
679 595
679 595
679 595
679 595
679 595
679 595
680 596
680 597
680 597
680 597
680 597
680 597
680 597
680 597
680 597
680 597
682 598
686 600
687 600
688 600
688 601
688 601
688 601
688 601
688 601
688 601
688 601
688 601
688 601
688 601
688 601
688 601
688 601
688 601
688 601
688 601
688 601
688 601
688 601
688 601
688 601
688 601
688 601
688 601
688 601
688 601
688 601
688 601
688 601
688 601
688 601
688 601
688 601
688 601
688 601
688 601
688 601
688 601
688 601
688 601
688 601
688 601
689 602
694 608
698 616
698 617
699 618
699 619
697 619
696 619
696 619
697 616
697 614
697 612
697 612
697 612
698 612
699 613
703 614
704 614
704 614
705 615
705 615
705 615
707 612
707 612
707 612
707 612
707 612
707 612
708 612
708 612
709 612
709 612
709 612
709 612
709 612
709 607
709 603
710 602
710 600
712 599
716 599
717 601
718 604
717 607
716 613
715 617
715 617
715 617
715 617
715 617
715 617
714 617
710 617
709 617
709 617
709 617
709 617
709 613
708 605
706 597
704 591
703 588
702 588
702 587
702 587
701 585
701 585
701 585
701 585
701 585
701 584
701 584
701 584
701 584
701 584
701 584
701 584
701 584
701 584
701 584
701 583
701 582
701 581
701 581
701 581
701 581
701 581
701 580
702 580
710 578
755 577
819 575
863 571
906 570
939 569
958 567
962 567
962 567
962 567
962 567
962 567
962 567
962 567
962 567
962 567
962 567
962 567
962 567
962 567
962 567
962 567
962 567
962 567
962 567
962 567
962 567
962 567
962 567
962 567
962 567
962 567
961 570
959 571
959 572
959 572
957 572
952 574
947 574
944 574
943 573
942 571
941 570
939 568
939 568
937 568
935 568
934 568
933 568
932 567
930 566
927 563
