818 554
818 554
818 554
818 554
815 554
811 554
798 554
773 553
748 556
706 566
684 573
668 578
659 582
657 583
656 584
656 584
656 584
656 585
653 590
653 590
653 590
653 590
653 590
653 590
655 590
660 590
666 588
675 587
684 585
685 585
685 585
685 585
685 585
681 586
676 588
676 588
676 588
676 588
676 588
676 589
676 589
687 577
724 542
773 467
828 316
883 155
936 25
960 0
961 0
947 0
940 0
940 0
934 0
932 0
932 0
932 0
932 0
937 0
944 0
950 0
958 0
972 3
991 13
1006 27
1018 35
1025 37
1043 39
1082 39
1135 26
1184 9
1211 0
1215 0
1215 1
1216 12
1216 39
1210 66
1207 75
1207 78
1212 86
1230 92
1267 89
1311 62
1341 31
1354 10
1357 0
1359 0
1364 0
1366 0
1369 0
1371 0
1371 0
1371 0
1371 0
1371 0
1371 0
1371 0
1366 0
1347 9
1326 30
1300 63
1272 83
1266 86
1266 86
1262 88
1262 88
1262 88
1262 88
1262 88
1262 88
1262 88
1262 88
1262 88
1262 88
1262 88
1262 88
1262 88
1262 88
1262 88
1262 88
1262 88
1262 88
1262 88
1262 88
1262 88
1262 88
1262 88
1262 88
1262 88
1262 88
1262 88
1262 88
1262 88
1262 88
1262 88
1262 88
1262 88
1262 88
1262 88
1262 88
1262 88
1262 88
1262 88
1262 88
1262 88
1262 88
1262 88
1262 88
1262 88
1262 88
1262 88
1262 88
1262 88
1261 88
1254 91
1252 93
1252 95
1252 99
1253 99
1269 100
1302 89
1325 82
1344 82
1347 83
1346 83
1338 84
1315 86
1248 93
1127 103
979 114
839 108
719 104
625 109
586 105
586 105
586 105
586 105
586 105
586 105
586 105
586 105
586 105
586 105
586 105
571 116
548 117
548 117
530 129
507 146
508 162
509 185
508 212
514 238
529 263
546 284
565 298
588 312
619 321
643 321
657 314
683 312
687 312
685 312
700 309
736 307
750 305
745 299
728 280
728 280
728 280
728 280
721 281
720 281
711 281
697 285
694 291
698 294
702 297
719 302
753 310
785 313
808 315
825 318
838 323
848 329
856 338
862 347
862 347
857 345
849 337
842 325
838 317
835 313
831 309
825 303
816 301
813 300
807 298
805 298
805 298
805 298
805 298
805 298
804 298
804 298
804 298
804 298
804 298
804 298
804 298
810 302
820 308
838 318
862 325
884 330
903 333
923 335
928 337
929 337
929 337
936 339
949 340
961 340
962 340
964 340
964 340
965 340
978 340
995 340
1014 340
1018 341
1018 341
1018 341
1023 344
1028 347
1034 348
1036 348
1036 348
1036 348
1033 348
1027 346
1024 345
1023 345
1023 345
1023 345
1023 345
1023 345
1012 344
973 340
921 340
900 339
877 332
864 328
861 326
858 323
853 318
844 313
832 308
822 305
817 304
812 303
811 303
811 303
811 303
811 303
811 302
810 302
810 302
810 302
810 302
810 302
810 302
810 302
810 302
810 302
825 307
852 312
882 316
907 318
920 320
931 322
943 324
947 326
952 329
958 334
962 339
971 342
983 343
997 343
1009 343
1010 342
1010 342
1010 342
1010 342
1010 342
1010 342
1010 342
1011 342
1017 343
1017 343
1017 343
1017 343
1017 343
1017 343
1017 343
1017 343
1017 343
1017 343
1017 343
1017 343
1017 343
1018 342
1028 335
1046 323
1070 304
1098 280
1133 249
1182 210
1234 165
1281 118
1320 82
1346 52
1367 22
1380 0
1390 0
1401 0
1409 0
1416 0
1419 0
1420 0
1420 0
1412 0
1383 0
1375 0
1374 0
1373 0
1373 0
1373 0
1373 0
1373 0
1373 0
1373 0
1373 0
1373 0
1373 0
1370 0
1363 0
1353 0
1346 0
1345 0
1341 0
1340 0
1340 0
1340 2
1340 4
1340 4
1339 4
1338 6
1338 7
1338 7
1338 7
1337 7
1337 7
1333 8
1331 9
1331 9
1329 9
1325 9
1324 10
1322 12
1315 16
1303 23
1282 35
1247 50
1213 67
1183 84
1152 101
1117 125
1091 159
1072 199
1057 234
1061 254
1075 264
1082 268
1069 273
1053 286
1041 303
1038 315
1041 328
1043 337
1042 343
1035 349
1026 356
1014 362
1001 368
989 373
982 377
977 380
972 384
958 394
940 403
934 405
934 405
934 405
930 404
929 403
928 403
915 398
902 395
898 394
889 394
863 397
830 402
796 406
761 408
732 409
714 409
705 410
693 410
682 410
674 412
666 414
660 415
656 415
641 415
605 411
545 395
493 379
460 368
445 360
433 350
416 338
394 331
389 327
385 324
382 322
379 314
375 304
372 293
365 281
358 271
347 260
329 244
321 238
321 238
321 238
321 238
321 238
322 246
324 260
324 269
324 273
324 273
324 273
324 273
324 273
324 273
324 273
324 273
324 273
324 273
324 271
324 268
324 266
324 266
324 266
324 266
324 266
324 266
324 266
324 266
324 266
324 266
324 266
324 266
324 266
324 266
324 266
324 266
324 266
324 266
324 266
324 266
324 266
324 267
325 268
328 273
333 282
338 292
339 301
340 309
341 320
341 329
340 333
340 334
340 334
340 334
340 334
340 334
340 334
340 334
340 334
340 335
340 340
340 344
340 347
340 349
340 351
340 352
340 352
340 352
340 352
340 352
340 352
340 352
340 352
341 355
342 357
348 363
354 366
354 366
354 366
354 366
354 366
354 366
353 366
353 366
351 366
348 366
348 366
348 366
348 366
348 366
348 366
348 366
348 366
347 366
345 367
345 367
345 367
346 367
347 367
347 367
347 367
348 361
348 359
348 359
348 359
348 359
348 360
343 372
339 387
338 396
336 419
330 440
325 457
322 463
322 464
322 464
322 464
322 464
322 464
322 464
322 465
323 474
325 479
325 479
326 479
326 479
326 479
326 479
326 479
326 476
326 474
326 474
326 474
331 470
353 459
397 439
448 410
481 388
488 379
496 366
526 332
596 277
701 219
819 169
932 132
1034 100
1108 71
1160 50
1193 37
1204 30
1211 25
1216 20
1221 14
1230 6
1242 0
1268 0
1291 0
1294 0
1294 0
1294 0
1292 0
1285 0
1277 0
1265 0
1258 0
1257 0
1257 0
1257 0
1257 0
1257 0
1257 0
1257 0
1257 0
1257 0
1257 0
1257 0
1257 1
1237 25
1202 63
1159 114
1107 168
1048 224
988 280
939 325
902 360
870 389
849 407
837 416
830 421
829 422
829 422
829 422
829 422
829 425
831 429
841 433
873 435
933 429
1000 412
1059 394
1091 384
1100 380
1101 379
1101 379
1085 376
1051 377
1026 382
1011 385
1006 386
1006 386
1006 386
1000 386
995 386
994 386
994 386
988 386
979 386
966 389
950 394
934 400
922 406
911 409
905 410
905 410
905 410
905 410
904 411
899 417
898 418
897 419
896 419
896 419
896 419
896 419
900 409
934 367
996 310
1060 245
1117 178
1166 124
1202 87
1228 62
1233 53
1233 47
1233 43
1233 40
1233 35
1236 28
1239 19
1239 12
1239 10
1240 6
1247 0
1250 0
1253 0
1253 0
1253 0
1251 0
1251 0
1251 0
1251 0
1251 0
1251 0
1251 0
1251 0
1251 0
1251 0
1251 0
1251 0
1251 0
1251 0
1251 0
1251 0
1251 0
1251 0
1251 0
1251 0
1251 0
1251 0
1251 0
1251 0
1251 0
1251 0
1251 0
1251 0
1251 0
1251 0
1251 0
1251 0
1251 0
1251 0
1251 0
1251 1
1245 19
1229 54
1201 93
1170 124
1146 153
1128 177
1119 193
1118 195
1115 195
1114 193
1113 189
1116 181
1119 174
1120 172
1121 172
1122 171
1122 171
1122 171
1122 171
1122 171
1122 171
1122 171
1122 171
1122 171
1122 171
1122 171
1122 171
1122 172
1122 172
1122 172
1122 172
1122 172
1122 172
1122 172
1122 172
1122 172
1122 172
1122 172
1122 172
1122 172
1122 172
1122 172
1122 172
1122 172
1122 172
1122 172
1122 172
1122 172
1122 172
1122 172
1122 172
1122 172
1122 172
1122 173
1122 173
1122 173
1122 173
1122 173
1122 173
1122 173
1122 173
1122 173
1127 172
1142 164
1168 150
1199 131
1230 112
1261 92
1288 73
1298 63
1301 61
1302 57
1305 53
1305 49
1304 45
1302 41
1300 38
1298 36
1296 33
1296 30
1295 27
1295 25
1295 22
1296 17
1297 12
1298 9
1299 6
1299 5
1299 5
1299 4
1297 1
1296 1
1296 0
1295 0
1295 0
1295 0
1295 0
1295 0
1295 0
1295 0
1295 0
1295 0
1295 0
1295 0
1295 0
1295 0
1295 0
1295 0
1296 0
1296 0
1296 0
1296 0
1296 0
1296 0
1296 0
1296 0
1296 0
1296 0
1296 0
1296 0
1296 0
1296 6
1294 28
1284 60
1263 93
1247 114
1242 121
1241 122
1237 128
1228 141
1218 156
1211 166
1205 174
1200 181
1195 187
1190 192
1187 196
1183 201
1177 207
1166 218
1148 235
1124 255
1093 280
1060 311
1032 337
1006 362
982 385
966 400
954 412
949 417
949 417
954 418
985 418
1040 413
1098 405
1138 395
1158 391
1159 390
1159 390
1160 390
1158 391
1150 395
1145 396
1143 397
1140 399
1136 406
1128 418
1123 437
1119 458
1116 475
1110 495
1103 520
1096 542
1083 562
1068 577
1059 584
1051 586
1042 588
1034 589
1033 589
1033 589
1033 589
1033 589
1036 586
1040 583
1043 581
1044 581
1044 581
1044 583
1043 592
1040 597
1037 599
1034 601
1033 602
1033 604
1033 604
1033 604
1033 604
1033 604
1033 604
1033 604
1033 604
1036 605
1039 605
1041 605
1041 605
1041 605
1040 605
1039 605
1039 605
1039 605
1039 605
1039 605
1038 605
1033 605
1026 605
1021 606
1020 606
1020 606
1020 606
1020 606
1020 606
1020 606
1020 606
1020 606
1020 606
1020 606
1021 606
1027 605
1036 603
1048 599
1065 594
1089 586
1114 576
1133 567
1140 561
1140 560
1139 558
1137 556
1134 553
1130 551
1122 550
1110 549
1099 549
1091 550
1084 552
1083 552
1083 552
1083 552
1081 552
1079 552
1076 552
1074 551
1074 551
1074 551
1074 551
1074 551
1074 551
1074 551
1071 547
1066 540
1061 532
1057 523
1057 513
1051 503
1049 500
1049 500
1048 500
1048 500
1048 500
1048 500
1048 500
1048 500
1048 500
1048 500
1048 503
1047 517
1047 533
1046 541
1045 543
1045 546
1044 547
1043 547
1043 547
1039 539
1031 526
1029 522
1029 521
1028 521
1028 521
1028 521
1028 521
1028 521
1028 521
1028 521
1028 521
1028 521
1028 521
1028 521
1028 521
1028 521
1028 521
1028 521
1028 521
1028 521
1028 521
1028 521
1028 521
1028 521
1028 521
1028 521
1028 521
1028 521
1023 511
1008 502
978 498
921 497
842 500
737 503
617 504
497 505
387 508
297 508
237 507
217 505
217 505
217 505
216 499
216 491
222 482
224 477
225 473
225 468
227 460
229 448
229 443
229 442
229 442
229 442
229 442
229 442
229 442
229 442
229 442
229 442
229 442
229 442
229 442
229 442
229 442
229 442
229 442
229 442
229 442
229 442
229 442
229 442
229 442
229 442
226 447
218 462
209 480
203 496
199 509
196 521
193 532
191 542
188 549
187 552
187 554
187 554
187 554
187 554
187 554
187 555
186 561
184 566
181 575
180 591
184 610
190 624
192 632
194 639
195 645
195 649
195 651
195 651
195 651
195 651
195 651
195 651
195 651
195 651
195 651
195 651
195 651
195 651
195 651
195 651
195 651
195 651
195 651
195 651
195 651
195 651
195 651
195 651
195 651
195 651
195 651
195 651
195 651
195 651
195 651
195 651
193 649
193 648
193 648
193 648
193 648
193 648
192 647
192 646
192 641
208 628
250 607
313 581
414 538
535 481
647 395
763 312
896 235
1019 165
1110 101
1165 54
1224 16
1269 0
1283 0
1289 0
1295 0
1306 0
1331 0
1343 0
1343 0
1343 0
1343 0
1343 0
1343 0
1343 0
1343 0
1343 0
1343 0
1343 0
1343 0
1343 0
1343 0
1343 0
1343 0
1343 0
1343 0
1343 0
1343 0
1340 0
1334 0
1320 0
1303 0
1285 0
1264 0
1259 0
1259 0
1259 0
1265 0
1285 0
1302 0
1303 0
1303 0
1303 0
1303 0
1303 0
1306 0
1309 2
1325 11
1344 19
1363 24
1379 28
1390 32
1390 32
1390 32
1408 35
1422 35
1430 34
1435 33
1440 33
1441 33
1441 33
1441 33
1441 33
1441 33
1441 33
1440 33
1440 33
1437 33
1437 33
1437 33
1433 34
1432 35
1432 35
1432 35
1432 35
1432 35
1432 35
1432 35
1432 35
1432 35
1432 35
1432 35
1432 35
1432 35
1432 35
1432 35
1431 36
1427 38
1421 42
1407 53
1392 67
1376 83
1357 99
1346 111
1339 118
1335 123
1331 129
1329 134
1328 139
1326 143
1326 146
1325 148
1325 148
1325 148
1325 148
1325 148
1325 148
1325 148
1325 148
1325 148
1325 148
1325 148
1325 148
1325 148
1325 148
1325 148
1325 148
1325 148
1325 148
1325 148
1325 148
1325 148
1325 148
1325 148
1325 148
1325 148
1325 148
1325 148
1325 148
1325 148
1325 148
1325 148
1325 148
1324 149
1323 153
1321 155
1319 158
1319 159
1319 159
1319 159
1319 159
1319 159
1319 159
1319 159
1319 159
1319 159
1319 159
1319 159
1319 159
1319 159
1319 161
1318 163
1318 163
1318 164
1318 164
1317 168
1315 172
1313 178
1309 191
1302 208
1289 235
1278 266
1267 298
1259 325
1256 343
1256 345
1258 348
1265 355
1280 370
1307 388
1341 404
1377 416
1400 422
1402 422
1402 422
1402 422
1402 417
1401 387
1386 321
1366 233
1344 154
1327 109
1328 85
1326 62
1318 43
1308 28
1303 19
1301 15
1296 9
1295 8
1295 8
1294 8
1294 8
1294 8
1294 8
1294 8
1294 8
1294 8
1294 8
1294 8
1294 8
1294 8
1294 8
1294 8
1294 8
1294 8
1294 8
1294 8
1294 8
1294 8
1294 8
1295 8
1295 8
1295 8
1295 8
1295 8
1295 8
1295 8
1295 8
1296 8
1296 8
1296 8
1296 8
1296 8
1296 8
1296 8
1296 8
1296 8
1296 8
1296 8
1296 8
1296 8
1296 8
1296 8
1296 8
1296 8
1296 8
1296 8
1296 8
1296 8
1296 8
1296 8
1296 8
1296 8
1296 8
1296 8
1296 8
1296 8
1296 8
1295 8
1287 7
1275 3
1249 0
1202 0
1150 0
1104 0
1078 0
1070 0
1070 0
1070 0
1070 0
1070 0
1070 0
1070 0
1070 0
1070 0
1070 0
1070 0
1070 0
1070 0
1069 0
1069 0
1069 0
1070 0
1072 0
1072 0
1072 0
1072 0
1075 0
1076 0
1075 3
1069 8
1067 9
1067 9
1067 9
1067 9
1068 14
1067 21
1063 32
1051 55
1037 81
1021 108
992 145
957 190
916 234
865 283
798 339
733 393
661 438
588 473
534 492
499 503
498 502
529 473
612 426
748 341
912 226
1067 95
1169 6
1203 0
1201 0
1187 0
1168 0
1145 0
1122 0
1121 1
1131 0
1131 0
1131 0
1133 0
1134 0
1134 0
1134 0
1134 0
1134 0
1134 0
1134 0
1134 0
1137 0
1143 0
1146 0
1157 2
1170 2
1172 1
1175 1
1178 1
1178 1
1178 1
1178 1
1178 1
1178 1
1184 0
1193 0
1195 0
1198 0
1208 0
1211 0
1211 0
1211 0
1211 0
1211 0
1211 0
1211 0
1211 0
1211 0
1211 0
1211 0
1211 0
1211 0
1211 0
1211 0
1211 0
1211 0
1211 0
1211 0
1211 0
1211 0
1211 0
1211 0
1211 0
1211 0
1211 0
1211 0
1211 0
1212 0
1212 0
1213 0
1217 0
1218 0
1218 0
1218 0
1221 0
1224 0
1228 0
1228 0
1228 0
1228 0
1228 0
1228 0
1228 0
1228 0
1228 0
1228 0
1228 0
1228 0
1228 0
1228 0
1228 0
1225 0
1214 1
1202 14
1174 54
1134 119
1079 196
1024 276
978 331
958 381
944 400
943 401
943 401
942 401
942 401
942 401
942 401
942 401
942 401
942 401
942 401
942 401
942 401
942 401
942 401
942 401
942 401
942 401
942 400
939 399
934 397
928 396
925 395
924 395
924 395
920 395
917 394
917 394
917 394
917 394
917 394
917 394
917 394
917 394
917 394
917 394
917 394
917 394
917 394
917 394
917 394
917 394
917 394
917 394
917 394
917 394
917 394
917 394
917 394
917 394
917 394
917 394
917 394
917 394
917 394
917 394
917 394
917 394
917 394
917 394
917 394
917 394
917 394
917 394
917 394
917 394
917 394
917 394
917 394
917 394
917 394
917 394
917 394
916 394
915 394
914 394
911 394
910 395
907 395
902 395
897 395
892 397
887 398
885 399
885 399
885 399
885 399
885 399
885 399
885 399
885 399
883 400
879 401
878 402
878 402
878 402
878 402
878 402
877 402
877 402
876 402
873 402
872 403
872 403
872 403
872 403
872 403
872 403
872 403
872 403
872 403
871 403
869 403
868 404
866 404
865 405
865 405
864 405
864 405
864 405
864 405
864 405
864 405
864 405
864 405
864 405
864 405
864 405
864 405
864 405
863 405
863 405
863 405
863 405
863 405
863 405
863 405
863 405
863 405
863 405
863 405
863 405
863 405
863 405
863 405
863 405
863 405
863 405
863 405
863 405
863 405
863 405
863 405
863 405
863 405
863 405
863 405
863 405
863 405
863 405
863 405
863 405
863 405
863 405
863 405
862 405
852 405
834 404
813 404
804 404
801 404
794 404
778 404
761 404
745 405
734 406
731 406
731 406
729 406
725 408
722 410
721 410
719 411
716 412
