774 721
823 717
869 714
912 711
950 709
988 706
1023 705
1052 702
1070 701
1073 701
1074 701
1075 701
1075 701
1075 701
1075 701
1075 701
1075 701
1075 701
1075 701
1073 701
1065 699
1058 697
1054 696
1053 696
1053 696
1053 696
1053 696
1053 696
1053 696
1053 696
1053 696
1052 696
1048 695
1040 694
1028 693
1015 693
998 693
974 693
941 695
908 697
870 699
828 702
788 706
760 708
751 709
751 709
751 709
751 709
751 709
751 709
751 709
751 709
751 709
751 709
751 709
751 709
751 709
751 709
751 709
751 709
751 709
751 709
751 709
751 709
751 709
751 709
751 709
751 709
751 709
751 709
751 709
751 709
751 709
751 709
751 709
751 709
751 709
751 709
751 709
751 709
751 709
751 709
751 709
751 709
751 709
751 709
751 709
751 709
751 709
751 709
751 709
751 709
751 709
751 709
751 709
751 709
751 709
751 709
751 709
751 709
751 709
751 709
751 709
751 709
751 709
751 709
751 709
751 709
751 709
751 709
751 709
751 709
751 709
751 709
751 709
751 709
751 709
751 709
751 709
751 709
751 709
751 709
751 709
751 709
751 709
751 709
751 709
751 709
751 709
751 709
751 709
751 709
751 709
751 709
751 709
751 709
751 709
751 709
751 709
751 709
751 709
751 709
751 709
751 709
751 709
751 709
751 709
751 709
751 709
751 709
751 709
751 709
751 709
751 709
751 709
751 709
751 709
751 709
751 709
751 709
751 709
751 709
751 709
751 709
751 709
751 709
751 709
751 709
751 709
751 709
751 709
751 709
751 709
751 709
751 709
751 709
747 710
740 714
725 725
706 738
693 746
688 754
683 766
679 776
678 779
678 779
678 779
678 780
678 781
678 782
677 782
677 783
677 783
677 783
677 783
677 783
677 783
677 783
677 783
677 783
677 783
677 783
677 783
678 783
682 782
698 779
726 773
761 764
805 754
855 745
906 735
945 725
974 717
1002 710
1023 703
1031 698
1038 694
1043 692
1043 692
1043 691
1043 691
1043 691
1045 691
1049 692
1053 693
1053 693
1053 693
1053 693
1053 693
1053 693
1053 693
1053 693
1053 693
1053 693
1053 693
1053 693
1053 693
1053 693
1055 693
1061 692
1067 691
1088 681
1100 675
1099 675
1099 675
1099 675
1099 675
1099 675
1100 675
1100 675
1100 676
1094 679
1085 687
1086 691
1087 697
1086 706
1086 708
1086 709
1086 709
1086 709
1086 709
1086 709
1086 709
1087 709
1089 709
1094 708
1100 706
1102 705
1105 704
1106 704
1106 704
1106 704
1106 704
1106 704
1106 704
1106 704
1106 704
1106 704
1106 704
1106 704
1106 704
1106 704
1106 704
1106 704
1106 704
1106 704
1106 704
1106 704
1106 704
1106 704
1106 704
1106 704
1106 704
1106 704
1106 704
1106 704
1106 704
1106 704
1106 704
1106 704
1106 704
1106 704
1106 704
1106 704
1106 704
1106 704
1106 704
1106 704
1106 704
1106 704
1106 704
1106 704
1106 704
1106 704
1106 704
1106 704
1106 704
1106 704
1106 704
1106 704
1106 704
1106 704
1106 704
1106 704
1106 704
1106 704
1106 704
1106 704
1106 704
1106 704
1106 704
1106 704
1106 704
1106 704
1106 704
1106 704
1106 704
1106 704
1106 704
1106 704
1106 704
1106 704
1106 704
1106 704
1106 704
1106 704
1106 704
1106 704
1106 704
1106 704
1106 704
1106 704
1106 704
1106 704
1106 704
1106 704
1106 704
1106 704
1106 704
1106 704
1106 704
1106 704
1106 704
1106 704
1106 704
1106 704
1106 704
1106 704
1106 704
1106 704
1106 704
1106 704
1106 704
1106 704
1106 704
1106 704
1106 704
1106 704
1106 704
1106 704
1106 704
1106 704
1106 704
1106 704
1106 704
1106 704
1106 704
1106 704
1106 704
1106 704
1106 704
1106 704
1106 704
1106 704
1106 704
1106 704
1106 704
1106 704
1106 704
1106 704
1106 704
1106 704
1106 704
1106 704
1106 704
1106 704
1106 704
1106 704
1106 704
1106 704
1106 704
1106 704
1106 704
1106 704
1106 704
1106 704
1106 704
1106 704
1106 704
1106 704
1106 704
1106 704
1106 704
1106 704
1106 704
1106 704
1106 704
1106 704
1106 704
1106 704
1106 704
1106 704
1106 704
1106 704
1106 704
1106 704
1106 704
1106 704
1106 704
1106 704
1106 704
1106 704
1106 704
1106 704
1106 704
1106 704
1106 704
1106 704
1106 704
1106 704
1106 704
1106 704
1106 704
1106 704
1106 704
1106 704
1106 704
1106 704
1106 704
1106 704
1106 704
1106 704
1106 704
1106 704
1106 704
1106 704
1106 704
1106 704
1106 704
1106 704
1106 704
1106 704
1106 704
1106 704
1106 704
1106 704
1106 704
1106 704
1106 704
1106 704
1106 704
1106 704
1106 704
1106 704
1106 704
1106 704
1106 704
1106 704
1106 704
1106 704
1106 704
1106 704
1106 704
1106 704
1106 704
1106 704
1106 704
1106 704
1106 704
1106 704
1106 704
1106 704
1106 704
1106 704
1106 704
1106 704
1106 704
1106 704
1106 704
1106 704
1106 704
1106 704
1106 704
1106 704
1106 704
1106 704
1106 704
1106 704
1106 704
1106 704
1106 704
1106 704
1106 704
1106 704
1106 704
1106 704
1106 704
1106 704
1106 704
1106 704
1106 704
1106 704
1106 704
1106 704
1106 704
1106 704
1106 704
1106 704
1106 704
1106 704
1106 704
1106 704
1106 704
1106 704
1106 704
1106 704
1106 704
1106 704
1106 704
1106 704
1106 704
1106 704
1106 704
1106 704
1106 704
1106 704
1106 704
1106 704
1106 704
1106 704
1106 704
1106 704
1106 704
1106 704
1106 704
1106 704
1106 704
1106 704
1106 704
1106 704
1106 704
1106 704
1106 704
1106 704
1106 704
1106 704
1106 704
1106 704
1106 704
1106 704
1106 704
1106 704
1106 704
1106 704
1106 704
1106 704
1106 704
1106 704
1106 704
1106 704
1106 704
1106 704
1106 704
1106 704
1106 704
1106 704
1106 704
1106 704
1106 704
1106 704
1106 704
1106 704
1106 704
1106 704
1106 704
1106 704
1106 704
1106 704
1106 704
1106 704
1106 704
1106 704
1106 704
1106 704
1106 704
1106 704
1106 704
1106 704
1106 704
1106 704
1106 704
1106 704
1106 704
1106 704
1106 704
1106 704
1106 704
1106 704
1106 704
1106 704
1106 704
1106 704
1106 704
1106 704
1106 704
1106 704
1106 704
1106 704
1106 704
1106 704
1106 704
1106 704
1106 704
1106 704
1106 704
1106 704
1106 704
1106 704
1106 704
1106 704
1106 704
1106 704
1106 704
1106 704
1106 704
1106 704
1106 704
1106 704
1106 704
1106 704
1106 704
1106 704
1106 704
1106 704
1106 704
1106 704
1106 704
1106 704
1106 704
1106 704
1106 704
1106 704
1106 704
1106 704
1106 704
1106 704
1106 704
1106 704
1106 704
1106 704
1106 704
1106 704
1106 704
1106 704
1106 704
1106 704
1106 704
1106 704
1106 704
1106 704
1106 704
1106 704
1106 704
1106 704
1106 704
1106 704
1106 704
1106 704
1106 704
1106 704
1106 704
1106 704
1106 704
1106 704
1106 704
1106 704
1106 704
1106 704
1106 704
1106 704
1106 704
1106 704
1106 704
1106 704
1106 704
1106 704
1106 704
1106 704
1106 704
1106 704
1106 704
1106 704
1106 704
1106 704
1106 704
1106 704
1106 704
1106 704
1106 704
1106 704
1106 704
1106 704
1106 704
1106 704
1106 704
1106 704
1106 704
1106 704
1106 704
1106 704
1106 704
1106 704
1106 704
1106 704
1106 704
1106 704
1106 704
1106 704
1106 704
1106 704
1106 704
1106 704
1106 704
1106 704
1106 704
1106 704
1106 704
1106 704
1106 704
1106 704
1106 704
1106 704
1106 704
1106 704
1106 704
1106 704
1106 704
1106 704
1106 704
1106 704
1106 704
1106 704
1106 704
1106 704
1106 704
1106 704
1106 704
1106 704
1106 704
1106 704
1106 704
1106 704
1106 704
1106 704
1106 704
1106 704
1106 704
1106 704
1106 704
1106 704
1106 704
1106 704
1106 704
1106 704
1106 704
1106 704
1106 704
1106 704
1106 704
1106 704
1106 704
1106 704
1106 704
1106 704
1106 704
1106 704
1106 704
1106 704
1106 704
1106 704
1106 704
1106 704
1106 704
1106 704
1106 704
1106 704
1106 704
1106 704
1106 704
1106 704
1106 704
1106 704
1106 704
1106 704
1106 704
1106 704
1106 704
1106 704
1106 704
1106 704
1106 704
1106 704
1106 704
1106 704
1106 704
1106 704
1106 704
1106 704
1106 704
1106 704
1106 704
1106 704
1106 704
1106 704
1106 704
1106 704
1106 704
1106 704
1106 704
1106 704
1106 704
1106 704
1106 704
1106 704
1106 704
1106 704
1106 704
1106 704
1106 704
1106 704
1106 704
1106 704
1106 704
1106 704
1106 704
1106 704
1106 704
1106 704
1106 704
1106 704
1106 704
1106 704
1106 704
1106 704
1106 704
1106 704
1106 704
1106 704
1106 704
1106 704
1106 704
1106 704
1106 704
1106 704
1106 704
1106 704
1106 704
1106 704
1106 704
1106 704
1106 704
1106 704
1106 704
1106 704
1106 704
1106 704
1106 704
1106 704
1106 704
1106 704
1106 704
1106 704
1106 704
1106 704
1106 704
1106 704
1106 704
1106 704
1106 704
1106 704
1106 704
1106 704
1106 704
1106 704
1106 704
1106 704
1106 704
1106 704
1106 704
1106 704
1106 704
1106 704
1106 704
1106 704
1106 704
1106 704
1106 704
1106 704
1106 704
1106 704
1106 704
1106 704
1106 704
1106 704
1106 704
1106 704
1106 704
1106 704
1106 704
1106 704
1106 704
1106 704
1106 704
1106 704
1106 704
1106 704
1106 704
1106 704
1106 704
1106 704
1106 704
1106 704
1106 704
1106 704
1106 704
1106 704
1106 704
1106 704
1106 704
1106 704
1106 704
1106 704
1106 704
1106 704
1106 704
1106 704
1106 704
1106 704
1106 704
1106 704
1106 704
1106 704
1106 704
1106 704
1106 704
1106 704
1106 704
1106 704
1106 704
1106 704
1106 704
1106 704
1106 704
1106 704
1106 704
1106 704
1106 704
1106 704
1106 704
1106 704
1106 704
1106 704
1106 704
1106 704
1106 704
1106 704
1106 704
1106 704
1106 704
1106 704
1106 704
1106 704
1106 704
1106 704
1106 704
1106 704
1106 704
1106 704
1106 704
1106 704
1106 704
1106 704
1106 704
1106 704
1106 704
1106 704
1106 704
1106 704
1106 704
1106 704
1106 704
1106 704
1106 704
1106 704
1106 704
1106 704
1106 704
1106 704
1106 704
1106 704
1106 704
1106 704
1106 704
1106 704
1106 704
1106 704
1106 704
1106 704
1106 704
1106 704
1106 704
1106 704
1106 704
1106 704
1106 704
1106 704
1106 704
1106 704
1106 704
1106 704
1106 704
1106 704
1106 704
1106 704
1106 704
1106 704
1106 704
1106 704
1106 704
1106 704
1106 704
1106 704
1106 704
1106 704
1106 704
1106 704
1106 704
1106 704
1106 704
1106 704
1106 704
1106 704
1106 704
1106 704
1106 704
1106 704
1106 704
1106 704
1106 704
1106 704
1106 704
1106 704
1106 704
1106 704
1106 704
1106 704
1106 704
1106 704
1106 704
1106 704
1106 704
1106 704
1106 704
1106 704
1106 704
1106 704
1106 704
1106 704
1106 704
1106 704
1106 704
1106 704
1106 704
1106 704
1106 704
1106 704
1106 704
1106 704
1106 704
1106 704
1106 704
1106 704
1106 704
1106 704
1106 704
1106 704
1106 704
1106 704
1106 704
1106 704
1106 704
1106 704
1106 704
1106 704
1106 704
1106 704
1106 704
1106 704
1106 704
1106 704
1106 704
1106 704
1106 704
1106 704
1106 704
1106 704
1106 704
1106 704
1106 704
1106 704
1106 704
1106 704
1106 704
1106 704
1106 704
1106 704
1106 704
1106 704
1106 704
1106 704
1106 704
1106 704
1106 704
1106 704
1106 704
1106 704
1106 704
1106 704
1106 704
1106 704
1106 704
1106 704
1106 704
1106 704
1106 704
1106 704
1106 704
1106 704
1106 704
1106 704
1106 704
1106 704
1106 704
1106 704
1106 704
1106 704
1106 704
1106 704
1106 704
1106 704
1106 704
1106 704
1106 704
1106 704
1106 704
1106 704
1106 704
1106 704
1106 704
1106 704
1106 704
1106 704
1106 704
1106 704
1106 704
1106 704
1106 704
1106 704
1106 704
1106 704
1106 704
1106 704
1106 704
1106 704
1106 704
1106 704
1106 704
1106 704
1106 704
1106 704
1106 704
1106 704
1106 704
1106 704
1106 704
1106 704
1106 704
1106 704
1106 704
1106 704
1106 704
1106 704
1106 704
1106 704
1106 704
1106 704
1106 704
1106 704
1106 704
1106 704
1106 704
1106 704
1106 704
1106 704
1106 704
1106 704
1106 704
1106 704
1106 704
1106 704
1106 704
1106 704
1106 704
1106 704
1106 704
1106 704
1106 704
1106 704
1106 704
1106 704
1106 704
1106 704
1106 704
1106 704
1106 704
1106 704
1106 704
1106 704
1106 704
1106 704
1106 704
1106 704
1106 704
1106 704
1106 704
1106 704
1106 704
1106 704
1106 704
1106 704
1106 704
1106 704
1106 704
1106 704
1106 704
1106 704
1106 704
1106 704
1106 704
1106 704
1106 704
1106 704
1106 704
1106 704
1106 704
1106 704
1106 704
1106 704
1106 704
1106 704
1106 704
1106 704
1106 704
1106 704
1106 704
1106 704
1106 704
1106 704
1106 704
1106 704
1106 704
1106 704
1106 704
1106 704
1106 704
1106 704
1106 704
1106 704
1106 704
1106 704
1106 704
1106 704
1106 704
1106 704
1106 704
1106 704
1106 704
1106 704
1106 704
1106 704
1106 704
1106 704
1106 704
1106 704
1106 704
1106 704
1106 704
1106 704
1106 704
1106 704
1106 704
1106 704
1106 704
1106 704
1106 704
1106 704
1106 704
1106 704
1106 704
1106 704
1106 704
1106 704
1106 704
1106 704
1106 704
1106 704
1106 704
1106 704
1106 704
1106 704
1106 704
1106 704
1106 704
1106 704
1106 704
1106 704
1106 704
1106 704
1106 704
1106 704
1106 704
1106 704
1106 704
1106 704
1106 704
1106 704
1106 704
1106 704
1106 704
1106 704
1106 704
1106 704
1106 704
1106 704
1106 704
1106 704
1106 704
1106 704
1106 704
1106 704
1106 704
1106 704
1106 704
1106 704
1106 704
1106 704
1106 704
1106 704
1106 704
1106 704
1106 704
1106 704
1106 704
1106 704
1106 704
1106 704
1106 704
1106 704
1106 704
1106 704
1106 704
1106 704
1106 704
1106 704
1106 704
1106 704
1106 704
1106 704
1106 704
1106 704
1106 704
1106 704
1106 704
1106 704
1106 704
1106 704
1106 704
1106 704
1106 704
1106 704
1106 704
1106 704
1106 704
1106 704
1106 704
1106 704
1106 704
1106 704
1106 704
1106 704
1106 704
1106 704
1106 704
1106 704
1106 704
1106 704
1112 695
1119 632
1092 583
1025 529
1003 512
1002 512
1001 512
991 513
932 507
871 493
813 495
751 507
704 532
688 550
690 567
690 595
668 630
636 661
624 678
630 689
639 694
640 695
640 695
644 698
648 701
649 701
650 701
650 701
652 701
656 695
660 691
660 691
660 691
660 691
660 691
660 690
662 684
667 679
674 673
680 668
683 666
685 665
685 665
685 665
686 665
683 671
673 690
666 713
657 736
650 752
641 767
633 779
627 785
620 790
613 797
611 804
611 806
611 807
611 807
611 807
611 807
611 807
611 807
610 806
610 804
610 803
613 799
618 795
618 794
622 792
632 787
642 778
648 769
650 762
651 756
651 755
651 755
651 755
651 755
651 755
651 755
651 755
650 753
648 732
653 690
659 660
661 642
661 631
661 626
661 625
661 625
661 625
661 625
661 625
661 625
661 625
661 625
661 625
661 625
661 625
661 625
661 625
661 625
661 625
661 625
661 625
661 626
661 626
661 627
658 637
650 653
634 679
622 700
618 712
617 715
617 717
617 724
615 734
613 746
613 758
613 767
614 772
615 776
615 780
615 782
616 788
616 794
618 799
619 803
620 803
620 803
619 803
614 806
609 809
605 811
604 811
603 811
601 811
599 811
598 811
596 811
595 811
595 811
595 811
595 811
595 811
595 811
595 811
595 811
595 811
595 811
595 811
595 811
595 811
595 811
597 808
600 805
603 802
607 799
612 793
621 785
632 775
647 765
662 755
673 749
678 746
683 744
693 740
706 735
720 730
732 725
746 721
765 717
787 711
817 706
852 700
892 696
940 690
983 677
1011 660
1023 646
1023 632
1025 632
1025 632
1025 632
999 637
980 648
955 663
911 686
867 707
827 724
795 736
775 745
770 749
770 751
770 751
770 751
770 751
770 751
770 751
770 751
770 751
770 751
770 751
770 751
770 751
770 751
770 751
770 751
770 751
770 751
770 751
770 751
770 751
770 750
770 749
770 749
770 748
770 748
769 748
769 746
769 746
769 746
769 746
769 746
769 745
769 745
769 745
769 745
769 745
769 744
769 744
769 744
769 744
769 744
769 744
769 744
769 744
769 744
769 744
769 743
768 742
768 741
767 741
767 740
766 739
766 739
766 739
766 739
766 739
766 739
766 739
766 739
766 739
766 739
766 739
766 739
766 739
766 739
765 737
765 737
765 737
765 737
765 737
765 737
765 737
765 737
765 737
765 737
765 737
765 737
765 737
765 737
765 737
765 737
765 737
765 737
765 737
765 737
765 737
765 737
765 737
765 737
765 737
765 737
764 737
763 735
763 735
761 735
760 734
760 734
760 734
760 734
760 734
760 734
760 734
760 734
760 733
760 733
760 733
759 733
759 733
759 733
758 732
758 731
757 731
757 731
757 731
757 731
756 731
755 730
755 730
755 730
755 730
755 730
755 730
755 730
755 730
755 730
755 730
755 730
755 730
755 730
755 730
755 730
754 729
753 729
752 728
752 728
752 728
752 728
752 728
752 728
752 728
752 728
752 728
752 728
752 728
752 728
752 728
752 728
752 728
752 728
752 728
751 727
750 727
750 727
750 727
749 727
749 726
749 726
749 726
749 726
748 725
747 725
746 725
745 724
745 724
744 724
743 723
742 722
742 716
743 710
751 699
