926 562
924 559
923 558
923 558
922 557
921 557
920 556
920 556
918 555
915 553
912 551
911 550
910 550
909 550
907 548
904 545
896 540
885 535
872 528
859 519
854 517
854 516
854 516
854 516
854 516
854 516
854 516
854 516
854 516
854 516
854 516
854 516
848 512
829 499
809 488
794 484
778 482
767 480
767 480
767 480
767 480
767 480
767 480
767 480
767 480
767 480
767 480
767 480
767 480
767 480
767 480
767 480
764 480
754 485
743 492
734 501
730 512
726 527
724 536
723 540
723 542
723 543
722 544
722 544
722 544
715 545
693 547
660 549
620 552
587 555
565 557
550 558
537 559
525 561
511 563
496 567
483 569
478 569
478 570
478 570
478 570
478 570
478 570
478 570
478 570
478 570
478 570
478 570
478 570
478 570
478 570
478 570
478 570
478 570
478 570
478 570
478 570
479 570
480 570
481 570
482 569
484 568
484 568
484 568
484 568
484 568
484 568
484 568
484 568
484 568
484 568
484 568
489 565
491 564
491 564
491 564
491 564
493 564
494 563
495 563
497 563
499 563
502 562
504 561
507 561
509 560
511 560
512 560
513 560
513 560
515 560
517 559
518 559
519 559
519 559
522 558
524 558
525 558
527 557
530 556
533 555
535 555
537 554
538 554
540 554
541 553
543 553
544 552
546 552
549 551
552 551
553 551
554 551
556 550
558 550
560 550
562 550
563 550
565 550
567 549
568 549
568 549
568 549
568 549
568 549
568 549
568 549
568 549
568 549
568 549
568 549
568 549
568 549
568 549
568 549
575 541
589 523
599 509
601 506
601 506
601 506
601 506
601 506
601 506
601 506
601 506
601 506
602 507
602 507
603 507
603 508
603 508
603 508
603 508
603 508
603 508
604 508
604 509
604 509
604 509
605 510
605 511
605 511
605 511
606 512
607 513
607 513
608 513
608 513
608 513
608 514
608 514
608 514
608 515
608 515
608 515
608 515
608 515
608 515
608 515
609 515
609 516
609 516
609 516
609 516
609 516
609 518
610 518
610 518
610 518
610 518
610 518
610 518
610 518
610 518
610 518
610 518
610 518
610 518
610 518
610 518
610 518
610 518
610 518
610 518
610 518
610 518
610 518
610 518
610 518
610 518
610 518
610 518
610 518
610 518
610 518
610 518
610 518
610 518
610 518
610 518
610 518
610 518
610 518
610 518
610 518
610 518
610 518
610 518
610 518
610 518
610 518
610 518
610 518
610 518
610 518
610 518
610 518
610 518
610 518
610 518
610 518
610 518
610 518
610 518
610 518
610 518
610 518
610 518
610 518
610 518
610 518
610 518
610 518
610 518
610 518
610 518
610 518
610 518
610 518
610 518
610 518
610 518
610 518
610 518
610 518
610 518
610 518
610 518
610 518
610 518
610 518
610 518
610 518
610 518
610 518
610 518
610 518
610 518
610 518
610 518
610 518
610 518
610 518
610 518
610 518
610 518
610 518
610 518
610 518
610 518
610 518
610 518
610 519
607 523
605 525
603 527
599 533
594 539
591 542
591 543
590 543
590 543
590 543
590 543
590 543
587 545
582 547
578 548
571 550
558 553
544 557
534 560
529 562
520 565
514 567
513 567
513 567
513 567
513 567
513 567
512 568
510 569
504 571
499 573
499 573
499 573
499 573
499 573
499 573
499 573
499 573
499 573
499 573
499 573
499 573
499 573
499 573
499 573
499 573
499 573
499 573
499 573
499 573
499 573
499 573
499 573
499 573
499 573
499 573
499 572
499 572
499 572
499 572
499 572
499 572
499 572
499 572
499 571
499 571
499 571
499 571
499 571
499 571
499 571
499 571
499 571
499 571
499 571
499 571
499 571
499 571
500 569
502 567
504 566
504 566
507 563
514 560
520 558
527 555
534 553
542 550
547 549
549 548
550 548
552 548
556 547
557 546
557 546
557 546
557 546
557 546
557 546
557 546
557 546
557 546
557 546
557 546
557 546
557 546
557 546
557 546
557 546
557 546
557 546
557 546
557 546
557 546
557 546
557 546
557 546
557 546
557 546
557 546
557 546
557 546
557 546
557 546
557 546
557 546
557 546
557 546
557 546
557 546
557 546
557 546
557 546
557 546
557 546
557 546
557 546
557 546
557 546
557 546
557 546
557 546
557 546
557 546
557 546
557 546
557 546
557 546
557 546
557 546
557 546
557 546
557 546
557 546
557 546
557 546
557 546
557 546
557 546
557 546
557 546
557 546
557 546
557 546
557 546
557 546
557 546
557 546
557 546
557 546
557 546
557 546
557 546
557 546
557 546
557 546
557 546
557 546
557 546
557 546
557 546
557 546
557 546
557 546
557 546
557 546
557 546
557 546
557 546
557 546
557 546
557 546
557 546
557 546
557 546
557 546
557 546
557 546
557 546
557 546
557 546
557 546
557 546
557 546
557 546
557 546
557 546
557 546
557 546
557 546
557 546
557 546
557 546
557 546
557 546
557 546
557 546
557 546
557 546
557 546
557 546
557 546
557 546
557 546
557 546
557 546
557 546
557 546
557 546
557 546
557 546
557 546
557 546
557 546
557 546
557 546
557 546
557 546
566 548
595 550
641 549
695 545
748 541
791 539
821 537
836 536
847 535
862 535
883 533
902 531
909 529
915 525
917 522
919 519
922 516
923 515
924 514
924 514
924 514
924 513
924 513
924 513
921 513
914 515
904 521
896 528
892 529
888 529
888 529
888 529
891 530
909 531
932 533
952 535
969 535
975 535
975 535
975 535
975 535
975 535
975 535
975 535
975 535
975 535
975 535
975 535
975 535
975 535
975 535
975 535
975 535
975 535
975 535
975 535
975 535
975 535
975 535
975 535
975 535
975 535
975 535
975 535
975 535
975 535
975 535
975 535
975 535
975 535
975 535
975 535
975 535
975 535
975 535
975 535
975 535
975 535
975 535
975 535
975 535
975 535
975 535
975 535
975 535
975 535
975 535
975 535
975 535
975 535
975 535
975 535
975 535
975 535
975 535
975 535
975 535
975 535
975 535
975 535
975 535
975 535
975 535
975 535
975 535
975 535
975 535
975 535
975 535
975 535
975 535
975 535
975 535
975 535
975 535
975 535
975 535
975 535
975 535
975 535
975 535
975 535
975 535
975 535
975 535
975 535
975 535
975 535
975 535
975 535
975 535
975 535
975 535
975 535
975 535
975 535
975 535
975 535
975 535
975 535
975 535
975 535
975 535
975 535
975 535
975 535
975 535
975 535
975 535
975 535
975 535
975 535
975 535
975 535
975 535
975 535
975 535
975 535
975 535
975 535
975 535
975 535
975 535
975 535
975 535
975 535
975 535
975 535
975 535
975 535
975 535
975 535
975 535
975 535
975 535
975 535
975 535
975 535
975 535
975 535
975 535
975 535
975 535
975 535
975 535
975 535
975 535
975 535
975 535
975 535
975 535
975 535
975 535
975 535
975 535
975 535
975 535
975 535
975 535
975 535
975 535
975 535
975 535
975 535
975 535
975 535
975 535
975 535
975 535
975 535
975 535
975 535
975 535
975 535
975 535
975 535
975 535
975 535
975 535
975 535
975 535
975 535
975 535
975 535
975 535
975 535
975 535
975 535
975 535
975 535
975 535
975 535
975 535
975 535
975 535
975 535
975 535
975 535
975 535
975 535
975 535
975 535
975 535
975 535
975 535
975 535
975 535
975 535
975 535
975 535
975 535
975 535
975 535
975 535
975 535
975 535
975 535
975 535
975 535
975 535
975 535
975 535
975 535
975 535
975 535
975 535
975 535
975 535
975 535
975 535
975 535
975 535
975 535
975 535
975 535
975 535
975 535
975 535
975 535
975 535
975 535
975 535
975 535
975 535
975 535
975 535
975 535
975 535
975 535
975 535
975 535
975 535
975 535
975 535
975 535
975 535
975 535
975 535
975 535
975 535
975 535
975 535
975 535
975 535
975 535
975 535
975 535
975 535
975 535
975 535
975 535
975 535
975 535
975 535
975 535
975 535
975 535
975 535
975 535
975 535
975 535
975 535
975 535
975 535
975 535
975 535
975 535
975 535
975 535
975 535
975 535
975 535
975 535
975 535
975 535
975 535
975 535
975 535
975 535
975 535
975 535
975 535
975 535
975 535
975 535
975 535
975 535
975 535
975 535
975 535
975 535
975 535
975 535
975 535
975 535
975 535
975 535
975 535
975 535
975 535
975 535
975 535
975 535
975 535
975 535
975 535
975 535
975 535
975 535
975 535
975 535
975 535
975 535
975 535
975 535
975 535
975 535
975 535
975 535
975 535
975 535
975 535
975 535
975 535
975 535
975 535
975 535
975 535
975 535
975 535
975 535
975 535
975 535
975 535
975 535
975 535
975 535
975 535
975 535
975 535
975 535
975 535
975 535
975 535
975 535
975 535
975 535
975 535
975 535
975 535
975 535
975 535
975 535
975 535
975 535
975 535
975 535
975 535
975 535
975 535
975 535
975 535
975 535
975 535
975 535
975 535
975 535
975 535
975 535
975 535
975 535
975 535
975 535
975 535
975 535
975 535
975 535
975 535
975 535
975 535
975 535
975 535
975 535
975 535
975 535
975 535
975 535
975 535
975 535
975 535
975 535
975 535
975 535
975 535
975 535
975 535
975 535
975 535
975 535
975 535
975 535
975 535
975 535
975 535
975 535
975 535
975 535
975 535
975 535
975 535
975 535
975 535
975 535
975 535
975 535
975 535
975 535
975 535
975 535
975 535
975 535
975 535
975 535
975 535
975 535
975 535
975 535
975 535
975 535
975 535
975 535
975 535
975 535
975 535
975 535
975 535
975 535
975 535
975 535
975 535
975 535
975 535
975 535
975 535
975 535
975 535
975 535
975 535
975 535
975 535
975 535
975 535
975 535
975 535
975 535
975 535
975 535
975 535
975 535
975 535
975 535
975 535
975 535
975 535
975 535
975 535
975 535
975 535
975 535
975 535
975 535
975 535
975 535
975 535
975 535
975 535
975 535
975 535
975 535
975 535
975 535
975 535
975 535
975 535
975 535
975 535
975 535
975 535
975 535
975 535
975 535
975 535
975 535
975 535
975 535
975 535
975 535
975 535
975 535
975 535
975 535
975 535
975 535
975 535
975 535
975 535
975 535
975 535
975 535
975 535
975 535
975 535
975 535
975 535
975 535
975 535
975 535
975 535
975 535
975 535
975 535
975 535
975 535
975 535
975 535
975 535
975 535
975 535
975 535
975 535
975 535
975 535
975 535
975 535
975 535
975 535
975 535
975 535
975 535
975 535
975 535
975 535
975 535
975 535
975 535
975 535
975 535
975 535
975 535
975 535
975 535
975 535
975 535
975 535
975 535
975 535
975 535
975 535
975 535
975 535
975 535
975 535
975 535
975 535
975 535
975 535
975 535
975 535
975 535
975 535
975 535
975 535
975 535
975 535
975 535
975 535
975 535
975 535
975 535
975 535
975 535
975 535
975 535
975 535
975 535
975 535
975 535
975 535
975 535
975 535
975 535
975 535
975 535
975 535
975 535
975 535
975 535
975 535
975 535
975 535
975 535
975 535
975 535
975 535
975 535
975 535
975 535
975 535
975 535
975 535
975 535
975 535
975 535
975 535
975 535
975 535
975 535
975 535
975 535
975 535
975 535
975 535
975 535
975 535
975 535
975 535
975 535
975 535
975 535
975 535
975 535
975 535
975 535
975 535
975 535
975 535
975 535
975 535
975 535
975 535
975 535
975 535
975 535
975 535
975 535
975 535
975 535
975 535
975 535
975 535
975 535
975 535
975 535
975 535
975 535
975 535
975 535
975 535
975 535
975 535
975 535
975 535
975 535
975 535
975 535
975 535
975 535
975 535
975 535
975 535
975 535
975 535
975 535
975 535
975 535
975 535
975 535
975 535
975 535
975 535
975 535
975 535
975 535
975 535
975 535
975 535
975 535
975 535
975 535
975 535
975 535
975 535
975 535
975 535
975 535
975 535
975 535
975 535
975 535
975 535
975 535
975 535
975 535
975 535
975 535
975 535
975 535
975 535
975 535
975 535
975 535
975 535
975 535
975 535
975 535
975 535
975 535
975 535
975 535
975 535
975 535
975 535
975 535
975 535
975 535
975 535
975 535
975 535
975 535
975 535
975 535
975 535
975 535
975 535
975 535
975 535
975 535
975 535
975 535
975 535
975 535
975 535
975 535
975 535
975 535
975 535
975 535
975 535
975 535
975 535
975 535
975 535
975 535
975 535
975 535
975 535
975 535
975 535
975 535
975 535
975 535
975 535
975 535
975 535
975 535
975 535
975 535
975 535
975 535
975 535
975 535
975 535
975 535
975 535
975 535
975 535
975 535
975 535
975 535
975 535
975 535
975 535
975 535
975 535
975 535
975 535
975 535
975 535
975 535
975 535
975 535
975 535
975 535
975 535
975 535
975 535
975 535
975 535
975 535
975 535
975 535
975 535
975 535
975 535
975 535
975 535
975 535
975 535
975 535
975 535
975 535
975 535
975 535
975 535
975 535
975 535
975 535
975 535
975 535
975 535
975 535
975 535
975 535
975 535
975 535
975 535
975 535
975 535
975 535
975 535
975 535
975 535
975 535
975 535
975 535
975 535
975 535
975 535
975 535
975 535
975 535
975 535
975 535
975 535
975 535
975 535
975 535
975 535
975 535
975 535
975 535
975 535
975 535
975 535
975 535
975 535
975 535
975 535
975 535
975 535
975 535
975 535
975 535
975 535
975 535
975 535
975 535
975 535
975 535
975 535
975 535
975 535
975 535
975 535
975 535
975 535
975 535
975 535
975 535
975 535
975 535
975 535
975 535
975 535
975 535
975 535
975 535
975 535
975 535
975 535
975 535
975 535
975 535
975 535
975 535
975 535
975 535
975 535
975 535
975 535
975 535
975 535
975 535
975 535
975 535
975 535
975 535
975 535
975 535
975 535
975 535
975 535
975 535
975 535
975 535
975 535
975 535
975 535
975 535
975 535
975 535
975 535
975 535
975 535
975 535
975 535
975 535
975 535
975 535
975 535
975 535
975 535
975 535
975 535
975 535
975 535
975 535
975 535
975 535
975 535
975 535
975 535
975 535
975 535
975 535
975 535
975 535
975 535
975 535
975 535
975 535
975 535
975 535
975 535
975 535
975 535
975 535
975 535
975 535
975 535
975 535
975 535
975 535
975 535
975 535
975 535
975 535
975 535
975 535
975 535
975 535
975 535
975 535
975 535
975 535
975 535
975 535
975 535
975 535
975 535
975 535
975 535
975 535
975 535
975 535
975 535
975 535
975 535
975 535
975 535
975 535
975 535
975 535
975 535
975 535
975 535
975 535
975 535
975 535
975 535
975 535
975 535
975 535
975 535
975 535
975 535
975 535
975 535
975 535
975 535
975 535
975 535
975 535
975 535
975 535
975 535
975 535
975 535
975 535
975 535
975 535
975 535
975 535
975 535
975 535
975 535
975 535
975 535
975 535
975 535
975 535
975 535
975 535
975 535
975 535
975 535
975 535
975 535
975 535
975 535
975 535
975 535
975 535
975 535
975 535
975 535
975 535
975 535
975 535
975 535
975 535
975 535
975 535
975 535
975 535
975 535
975 535
975 535
975 535
975 535
975 535
975 535
975 535
975 535
975 535
975 535
975 535
975 535
975 535
975 535
975 535
975 535
975 535
975 535
975 535
975 535
975 535
975 535
975 535
975 535
975 535
975 535
975 535
975 535
975 535
975 535
975 535
975 535
975 535
975 535
975 535
975 535
975 535
975 535
975 535
975 535
975 535
975 535
975 535
975 535
975 535
975 535
975 535
975 535
975 535
975 535
975 535
975 535
975 535
975 535
975 535
975 535
975 535
975 535
975 535
975 535
975 535
975 535
975 535
975 535
975 535
975 535
975 535
975 535
975 535
975 535
975 535
975 535
975 535
975 535
975 535
975 535
975 535
975 535
975 535
975 535
975 535
975 535
975 535
975 535
975 535
975 535
975 535
975 535
975 535
975 535
975 535
975 535
975 535
975 535
975 535
975 535
975 535
975 535
975 535
975 535
975 535
975 535
975 535
975 535
975 535
975 535
975 535
975 535
975 535
975 535
975 535
975 535
