463 564
464 564
468 564
470 564
471 564
472 564
473 564
473 564
473 564
474 564
474 564
474 564
474 564
474 564
475 565
476 565
478 565
479 565
481 565
486 565
488 565
491 565
493 565
495 565
498 565
501 565
505 565
507 565
507 565
507 565
508 565
509 565
509 565
509 565
509 565
509 565
509 565
509 565
509 565
509 565
509 565
511 565
511 565
512 565
513 565
513 565
515 565
517 565
519 565
522 565
523 565
524 565
525 565
525 565
525 565
525 565
525 565
525 565
525 565
525 565
525 565
525 565
525 565
525 565
525 565
525 565
525 565
525 565
525 565
525 565
525 565
525 565
525 565
525 565
525 565
526 565
527 565
527 565
527 565
528 565
529 564
529 564
530 564
532 564
533 564
533 564
533 564
533 564
533 564
533 564
533 564
533 564
534 564
536 564
540 564
543 564
545 564
547 564
547 564
547 564
547 564
549 564
549 564
550 564
553 564
555 564
557 564
557 564
557 564
557 564
557 564
557 564
557 564
557 564
558 564
558 564
558 564
559 564
560 564
561 564
563 564
565 564
568 564
572 564
575 564
579 564
581 564
583 564
584 564
584 564
585 564
585 564
585 564
585 564
585 564
585 564
585 564
585 564
585 564
585 564
585 564
585 564
585 564
585 564
585 564
585 564
585 564
585 564
585 564
585 564
585 564
585 564
585 564
585 564
585 564
585 564
585 564
585 564
585 564
585 564
585 564
585 564
585 564
586 564
586 564
586 564
586 564
586 564
586 564
586 564
586 564
586 564
586 564
586 564
586 564
586 564
586 564
586 564
586 564
586 564
586 564
586 564
586 564
586 564
586 564
586 564
586 564
586 564
586 564
586 564
588 563
589 562
589 562
589 562
589 562
589 562
589 562
589 562
589 562
589 562
589 562
589 562
589 562
589 562
589 562
589 562
589 562
589 562
589 562
589 562
589 562
589 562
589 562
589 562
589 562
589 562
589 562
589 562
589 562
589 562
589 562
589 562
589 562
589 562
589 562
589 562
589 562
589 562
589 562
589 562
589 562
589 562
589 562
589 562
589 562
589 562
589 562
589 562
589 562
589 562
589 562
589 562
589 562
589 562
589 562
589 562
589 562
589 562
589 562
589 562
589 562
589 562
589 562
589 562
589 562
589 562
589 562
589 562
589 562
589 562
589 562
589 562
589 562
589 562
589 562
589 562
589 562
589 562
589 562
589 562
589 562
589 562
589 562
589 562
589 562
589 562
589 562
589 562
589 562
589 562
589 562
589 562
589 562
589 562
589 562
589 562
589 562
589 562
589 562
589 562
589 562
589 562
589 562
589 562
589 562
589 562
589 562
589 562
589 562
589 562
589 562
589 562
589 562
589 562
589 562
589 562
589 562
589 562
589 562
589 562
589 562
589 562
589 562
589 562
589 562
589 562
589 562
589 562
589 562
589 562
589 562
589 562
589 562
589 562
589 562
589 562
589 562
589 562
589 562
589 562
589 562
589 562
589 562
589 562
589 562
589 562
589 562
589 562
589 562
589 562
589 562
589 562
589 562
589 562
589 562
589 562
589 562
589 562
589 562
589 562
589 562
589 562
589 562
589 562
589 562
589 562
589 562
589 562
589 562
589 562
589 562
589 562
589 562
589 562
589 562
589 562
589 562
589 562
589 562
589 562
589 562
589 562
589 562
589 562
589 562
589 562
589 562
589 562
589 562
589 562
589 562
589 562
589 562
589 562
589 562
589 562
589 562
589 562
589 562
589 562
589 562
589 562
589 562
589 562
589 562
589 562
589 562
589 562
589 562
589 562
589 562
589 562
589 562
589 562
589 562
589 562
590 562
597 563
608 564
617 564
624 565
626 565
627 565
627 565
627 565
627 565
627 565
627 565
627 565
627 565
627 565
627 565
627 565
627 565
627 565
627 565
627 565
627 565
627 565
627 565
627 565
627 565
627 565
627 565
627 565
627 565
627 565
627 565
627 565
627 565
627 565
627 565
627 565
627 565
627 565
627 565
627 565
627 565
635 564
646 561
661 557
675 555
690 553
705 550
725 546
748 542
771 536
792 530
805 524
813 520
826 517
836 515
846 515
863 512
892 510
930 510
976 517
1022 529
1036 532
1029 529
1015 524
992 517
990 516
990 516
990 516
990 516
988 516
962 521
947 524
945 529
940 536
937 538
937 540
936 548
934 556
932 563
928 571
925 578
921 589
915 611
910 646
895 691
873 733
849 763
834 779
831 787
831 787
831 787
831 787
831 787
831 787
825 781
821 773
815 765
805 760
796 755
789 751
784 747
782 746
782 746
782 746
782 746
782 745
782 745
782 745
782 745
782 745
782 745
782 745
782 745
782 745
782 745
782 745
782 745
782 745
782 745
782 745
782 745
782 745
782 745
782 745
782 745
782 745
782 745
782 745
782 745
782 745
782 745
782 745
782 745
782 745
782 745
782 745
782 745
782 745
782 745
782 745
782 745
782 745
782 745
782 745
782 745
782 745
782 745
782 745
782 745
782 745
782 745
782 745
782 745
782 745
782 745
782 745
782 745
782 745
782 745
782 745
782 745
782 745
782 745
782 745
782 745
782 745
782 745
782 745
782 745
782 745
782 745
782 745
782 745
782 745
782 745
782 745
782 745
782 745
782 745
782 745
782 745
782 745
782 745
782 745
782 745
782 745
782 745
782 745
782 745
782 745
782 745
782 745
782 745
782 745
782 745
782 745
782 745
782 745
782 745
782 745
782 745
782 745
782 745
782 745
782 745
782 745
782 745
782 745
782 745
782 745
782 745
782 745
782 745
782 745
782 745
782 745
782 745
782 745
782 745
782 745
782 745
782 745
782 745
782 745
782 745
782 745
782 745
782 745
782 745
782 745
782 745
782 745
782 745
782 745
782 745
782 745
782 745
782 745
782 745
782 745
782 745
782 745
782 745
782 745
782 745
782 745
782 745
782 745
782 745
782 745
782 745
782 745
782 745
782 745
782 745
782 745
782 745
782 745
782 745
782 745
782 745
782 745
782 745
782 745
782 745
782 745
782 745
782 745
782 745
782 745
782 745
782 745
782 745
782 745
782 745
782 745
782 745
782 745
782 745
782 745
782 745
782 745
782 745
782 745
782 745
782 745
782 745
782 745
782 745
782 745
782 745
782 745
782 745
782 745
782 745
782 745
782 745
782 745
782 745
782 745
782 745
782 745
782 745
782 745
782 745
782 745
782 745
782 745
782 745
782 745
782 745
782 745
782 745
782 745
782 745
782 745
782 745
782 745
782 745
782 745
782 745
782 745
782 745
782 745
782 745
782 745
782 745
782 745
782 745
782 745
782 745
782 745
782 745
782 745
782 745
782 745
782 745
782 745
782 745
782 745
782 745
782 745
782 745
782 745
782 745
782 745
782 745
782 745
782 745
782 745
782 745
782 745
782 745
782 745
782 745
782 745
782 745
782 745
782 745
782 745
782 745
782 745
782 745
782 745
782 745
782 745
782 745
782 745
782 745
782 745
782 745
782 745
782 745
782 745
782 745
782 745
782 745
782 745
781 745
780 746
780 746
780 746
780 746
780 746
780 746
780 746
780 746
780 746
780 746
780 746
780 746
780 746
780 746
780 746
780 746
780 746
780 746
780 746
780 746
780 746
780 746
780 746
780 746
780 746
780 746
780 746
780 746
780 746
780 746
780 746
780 746
780 746
780 746
780 746
780 746
780 746
780 746
780 746
780 746
780 746
780 746
780 746
780 746
780 746
776 753
769 765
767 769
766 770
766 770
766 770
766 770
766 770
766 770
766 770
766 770
766 770
766 770
766 770
766 770
766 771
765 772
757 779
748 784
741 787
734 789
727 793
723 795
721 797
720 797
719 797
716 798
711 802
707 805
705 810
705 814
704 818
701 820
701 820
701 820
701 820
701 820
701 820
701 820
701 820
701 820
701 820
701 820
701 820
701 820
701 820
701 820
701 820
701 820
701 820
701 820
701 820
701 820
701 820
701 820
701 820
701 820
701 820
701 820
701 820
701 820
701 820
701 820
701 820
701 820
701 820
701 820
701 820
701 820
701 820
701 820
701 820
701 820
701 820
701 820
701 820
701 820
701 820
701 820
701 820
701 820
701 820
701 820
701 820
701 820
701 820
701 820
701 820
701 820
701 820
701 820
701 820
701 820
701 820
701 820
701 820
701 820
701 820
701 820
701 820
701 820
701 820
701 820
701 820
701 820
701 820
701 820
701 820
701 820
701 820
701 820
701 820
701 820
701 820
701 820
701 820
701 820
701 820
701 820
701 820
701 820
701 820
701 820
701 820
701 820
701 820
701 820
701 820
701 820
701 820
701 820
701 820
701 820
701 820
701 820
701 820
701 820
701 820
701 820
701 820
701 820
701 820
701 820
701 820
701 820
701 820
701 820
701 820
701 820
701 820
701 820
701 820
701 820
701 820
701 820
701 820
701 820
701 820
701 820
701 820
701 820
701 820
701 820
701 820
701 820
701 820
701 820
701 820
701 820
701 820
701 820
701 820
701 820
701 820
701 820
701 820
701 820
701 820
701 820
701 820
701 820
701 820
701 820
701 820
701 820
701 820
701 820
701 820
701 820
701 820
701 820
701 820
701 820
701 820
701 820
701 820
701 820
701 820
701 820
701 820
701 820
701 820
701 820
701 820
701 820
701 820
701 820
701 820
701 820
701 820
701 820
701 820
701 820
701 820
701 820
701 820
701 820
701 820
701 820
701 820
701 820
701 820
701 820
701 820
701 820
701 820
701 820
701 820
701 820
701 820
701 820
701 820
701 820
701 820
701 820
701 820
701 820
701 820
701 820
701 820
701 820
701 820
701 820
701 820
701 820
701 820
701 820
701 820
701 820
701 820
701 820
701 820
701 820
701 820
701 820
701 820
701 820
701 820
701 820
701 820
701 820
701 820
701 820
701 820
701 820
701 820
701 820
701 820
701 820
701 820
701 820
701 820
701 820
701 820
701 820
701 820
701 820
701 820
701 820
701 820
701 820
701 820
701 820
701 820
701 820
701 820
701 820
701 820
701 820
701 820
701 820
701 820
701 820
701 820
701 820
701 820
701 820
701 820
701 820
701 820
701 820
701 820
701 820
701 820
701 820
701 820
701 820
701 820
701 820
701 820
701 820
701 820
701 820
701 820
701 820
701 820
701 820
701 820
701 820
701 820
701 820
701 820
701 820
701 820
701 820
701 820
701 820
701 820
701 820
701 820
701 820
701 820
701 820
701 820
701 820
701 820
701 820
701 820
701 820
701 820
701 820
701 820
701 820
701 820
701 820
701 820
701 820
701 820
701 820
701 820
701 820
701 820
701 820
701 820
701 820
701 820
701 820
701 820
701 820
701 820
701 820
701 820
701 820
701 820
701 820
701 820
701 820
701 820
701 820
701 820
701 820
701 820
701 820
701 820
701 820
701 820
701 820
701 820
701 820
701 820
701 820
701 820
701 820
701 820
701 820
701 820
701 820
701 820
701 820
701 820
701 820
701 820
701 820
701 820
701 820
701 820
701 820
701 820
701 820
701 820
701 820
701 820
701 820
701 820
701 820
701 820
701 820
701 820
701 820
701 820
701 820
701 820
701 820
701 820
701 820
701 820
701 820
701 820
701 820
701 820
701 820
701 820
701 820
701 820
701 820
701 820
701 820
701 820
701 820
701 820
701 820
701 820
701 820
701 820
701 820
701 820
701 820
701 820
701 820
701 820
701 820
701 820
701 820
701 820
701 820
701 815
716 766
727 712
725 639
721 571
721 518
719 484
710 469
704 467
704 467
704 467
704 467
704 467
704 467
703 475
697 491
688 502
679 510
672 521
671 531
676 542
687 556
701 567
721 574
732 577
737 579
740 579
742 579
742 579
745 578
750 573
753 567
754 566
754 566
754 566
754 566
754 566
754 566
754 566
754 566
754 565
755 563
755 563
755 563
755 563
755 563
755 563
755 563
755 563
755 563
757 563
760 563
764 563
764 563
766 563
768 563
774 563
777 563
783 563
789 564
794 564
797 564
801 564
803 564
803 564
804 564
811 564
814 564
816 564
819 564
823 564
824 564
826 564
834 564
840 564
846 564
851 564
856 565
863 565
868 565
875 566
881 567
888 567
895 567
899 567
903 567
911 567
916 567
919 567
923 567
923 567
923 567
923 567
923 567
923 567
923 567
920 567
919 567
914 567
906 567
901 568
894 568
875 568
852 569
835 571
813 571
788 571
770 572
763 572
761 572
760 572
760 572
760 572
760 572
760 572
760 572
760 572
760 572
760 572
760 572
760 572
760 572
760 572
760 572
760 572
760 572
760 572
760 572
760 572
760 572
760 572
760 572
760 572
760 572
760 572
760 572
760 572
760 572
760 572
760 572
760 572
760 572
760 572
760 572
760 572
760 572
760 572
760 572
760 572
760 572
760 572
760 572
760 572
760 572
760 572
760 572
760 572
760 572
760 572
761 572
763 572
766 572
769 571
776 571
784 570
788 570
792 569
794 569
796 569
800 569
804 568
806 568
808 568
811 567
811 567
811 567
811 567
811 567
811 567
811 567
812 567
813 567
814 567
814 567
816 567
818 567
819 567
820 567
820 567
823 567
824 566
825 566
828 566
829 566
829 566
832 566
833 565
833 565
834 565
834 565
835 565
840 565
842 564
843 564
843 564
843 564
843 564
843 564
844 564
846 564
847 564
847 564
848 564
852 563
855 563
857 563
859 563
861 563
865 563
868 563
871 562
873 562
873 562
875 562
875 562
875 562
875 562
875 562
875 562
875 562
876 562
876 562
876 562
876 562
876 562
876 562
876 562
876 562
876 562
876 562
876 562
876 562
876 562
876 562
876 562
876 562
876 562
876 562
876 562
876 562
876 562
877 562
877 562
880 562
885 562
886 562
888 562
890 562
892 562
893 562
895 562
898 562
901 562
903 562
904 562
906 562
908 562
908 562
908 562
908 562
908 562
911 562
916 562
920 562
922 562
922 561
922 561
924 561
925 561
925 561
925 561
925 561
925 561
925 561
925 561
925 561
925 561
925 561
925 561
925 561
925 561
925 561
925 561
925 561
925 561
925 561
925 561
925 561
925 561
925 561
925 561
925 561
925 561
925 561
925 561
925 561
925 561
925 561
925 561
925 561
925 561
925 561
925 561
925 561
925 561
924 561
917 561
915 561
913 561
907 562
894 562
883 562
882 562
882 562
882 562
882 562
882 562
882 562
882 562
882 562
882 562
882 562
882 562
882 562
883 562
883 562
883 562
883 562
884 562
884 562
885 562
886 562
886 562
886 562
887 562
887 562
887 562
887 562
887 562
887 562
887 562
887 562
887 562
887 562
887 562
887 562
887 562
887 562
887 562
887 562
887 562
887 562
887 562
887 562
887 562
887 562
887 562
887 562
887 562
887 562
887 562
887 562
887 562
887 562
887 562
886 562
886 562
886 562
886 562
886 562
886 562
886 562
886 562
886 562
886 562
886 562
886 562
886 562
886 562
886 562
886 562
886 562
886 562
886 562
886 562
886 562
886 562
886 562
885 562
884 562
882 563
882 563
881 563
878 563
877 563
875 563
873 563
872 563
870 563
868 563
866 563
863 562
862 562
859 559
853 550
844 538
840 526
838 517
838 514
840 510
840 510
840 510
840 510
840 510
840 510
840 510
840 510
843 506
850 498
853 495
853 495
853 495
853 495
853 495
853 495
853 495
853 495
853 495
853 495
853 495
853 495
853 495
853 494
853 494
853 494
853 494
853 494
853 494
853 494
853 494
853 494
853 494
853 494
853 494
853 494
853 494
853 494
853 494
853 494
853 494
853 494
853 494
853 494
853 494
853 494
853 494
853 494
853 494
853 494
853 494
853 494
853 494
853 494
853 494
853 494
853 494
853 494
853 494
853 494
853 494
853 494
853 494
853 494
853 494
853 494
853 494
853 494
853 494
853 494
853 494
853 494
853 494
853 494
853 494
853 494
853 494
853 494
853 494
853 494
853 494
853 494
853 494
853 494
853 494
853 494
853 494
853 494
853 494
853 494
853 494
853 494
853 494
853 494
853 494
853 494
853 494
853 494
853 494
853 494
853 494
853 494
853 494
853 494
853 494
