975 535
975 535
975 535
975 535
975 535
975 535
975 535
975 535
975 535
975 535
975 535
975 535
975 535
975 535
975 535
975 535
975 535
975 535
975 535
975 535
975 535
975 535
975 535
975 535
975 535
975 535
975 535
975 535
975 535
975 535
975 535
975 535
975 535
975 535
975 535
975 535
975 535
975 535
975 535
975 535
975 535
938 478
836 416
747 383
665 371
595 374
538 380
519 383
519 383
516 388
513 414
529 453
541 477
542 478
556 478
579 481
583 483
578 486
555 503
552 518
557 538
550 562
546 566
544 574
541 581
541 581
541 581
540 573
539 559
539 548
539 544
539 544
539 544
539 544
539 544
537 550
536 554
536 554
536 559
536 563
535 565
535 566
535 566
535 566
535 566
535 566
535 566
535 566
536 566
547 562
560 557
577 556
594 556
616 556
633 556
639 556
641 556
645 556
648 556
648 556
648 556
648 556
645 557
638 561
638 562
637 562
637 562
637 562
637 562
638 563
645 564
660 565
677 566
695 572
729 576
775 575
820 571
852 569
880 569
912 574
927 575
952 576
994 571
1032 562
1058 557
1075 558
1082 562
1081 562
1080 562
1080 562
1080 562
1079 562
1076 563
1072 564
1066 565
1059 566
1054 566
1053 566
1053 566
1053 566
1053 566
1053 567
1052 569
1059 571
1092 586
1181 604
1272 623
1345 631
1369 635
1369 636
1355 639
1329 647
1296 658
1261 663
1228 665
1197 669
1172 672
1144 671
1121 668
1102 663
1088 659
1076 654
1067 650
1054 648
1047 648
1036 649
1024 654
1018 658
1016 661
1016 661
1016 661
1015 661
1005 652
985 639
958 626
916 608
844 585
769 569
754 567
748 567
728 571
731 569
742 570
757 580
770 590
789 602
823 615
881 626
938 626
966 616
985 605
1002 598
1029 584
1043 574
1043 573
1041 571
1033 568
1028 566
1025 564
1025 563
1025 563
1025 563
1025 563
1025 563
1025 563
1025 563
1025 563
1023 563
1020 561
1018 559
1016 559
1016 559
1014 558
1011 557
1006 556
996 555
993 555
993 555
993 555
993 555
993 555
991 555
991 555
991 555
990 555
988 554
984 546
981 537
982 529
983 521
988 508
996 501
1000 496
1002 492
1003 486
1006 479
1006 473
998 465
996 463
996 463
996 463
996 463
996 463
995 464
996 465
997 467
997 469
996 473
996 475
997 478
1001 485
1004 490
1005 490
1005 490
1005 491
1005 492
1006 494
1006 494
1006 494
1006 494
1006 494
1006 494
1006 494
1006 494
1006 494
1006 494
1006 494
1006 494
1006 495
1005 495
1005 495
1005 495
1005 495
1005 495
1005 495
1005 495
1005 495
1005 495
1005 495
1005 495
1005 495
1005 495
1005 495
1005 495
1005 495
1003 498
1002 499
1002 499
1001 499
1000 501
1000 501
1000 501
1000 501
1000 501
1000 501
1000 501
999 501
999 501
999 501
999 501
999 501
998 501
996 502
994 502
992 503
992 503
992 503
992 503
991 503
991 503
990 503
989 503
989 503
989 503
989 503
989 503
989 503
989 503
987 503
987 503
986 503
986 503
986 503
985 503
985 503
985 503
985 503
981 503
979 504
978 504
978 504
978 504
978 504
978 504
978 504
978 504
978 504
977 504
975 504
973 504
973 504
971 504
970 504
969 504
969 504
969 504
969 504
969 504
968 504
968 504
968 504
968 504
968 504
968 504
968 504
968 504
968 504
968 504
968 504
968 504
968 504
968 504
968 504
968 504
968 504
968 504
968 504
967 504
966 504
965 503
964 503
963 503
963 503
963 503
963 503
963 503
963 503
963 503
963 503
963 503
963 503
960 502
959 502
959 502
958 502
957 502
952 501
950 500
950 500
950 500
950 500
950 500
950 500
950 500
950 500
949 500
949 500
945 497
913 478
860 453
806 433
753 417
724 410
713 409
713 408
713 408
712 408
711 408
704 409
696 412
681 416
662 421
642 427
624 434
606 444
590 452
575 460
564 465
561 467
561 467
561 467
560 467
557 468
556 468
556 468
555 468
553 468
552 468
552 468
551 468
551 468
551 468
551 468
550 468
550 468
550 468
550 468
550 468
549 468
549 468
549 468
549 468
549 468
549 468
549 468
549 468
549 468
549 468
549 468
549 468
549 468
549 468
549 468
549 468
549 468
549 468
549 468
549 468
549 468
549 468
549 468
549 468
549 468
549 468
549 468
549 468
549 468
550 465
555 457
563 444
573 428
584 414
590 406
591 405
591 405
591 405
591 405
591 405
591 405
591 405
591 405
591 405
593 402
596 399
598 397
600 396
604 393
607 390
609 389
611 388
613 387
613 386
613 386
613 386
613 386
613 386
613 386
613 386
613 386
613 386
613 386
613 386
613 386
613 386
613 386
613 386
613 386
613 386
613 386
613 386
613 386
613 386
613 386
613 386
613 386
613 386
613 386
613 386
613 386
613 386
615 386
620 386
625 384
630 378
634 373
640 371
647 368
648 368
648 368
650 368
655 366
657 362
657 362
657 362
657 361
661 358
668 353
673 350
673 349
673 347
672 346
672 346
672 345
675 339
678 333
679 331
679 330
679 330
679 330
679 330
679 330
681 330
687 330
700 336
705 341
706 342
706 344
705 344
705 347
704 349
704 349
704 349
705 349
705 349
705 349
705 349
705 349
705 349
705 349
705 349
705 349
705 349
705 349
705 349
705 349
705 349
705 349
705 349
705 349
702 352
695 359
688 367
679 379
669 395
661 409
657 416
656 420
655 424
655 425
655 427
655 427
655 427
655 427
655 427
655 427
655 427
655 427
655 427
655 427
655 427
655 427
655 427
655 427
655 427
656 428
658 430
661 433
672 435
691 440
697 439
699 436
698 433
694 424
693 419
694 418
696 417
696 416
696 416
699 417
701 420
702 422
702 422
703 422
703 422
704 422
705 422
705 422
705 422
705 422
705 422
705 422
705 421
706 416
707 412
708 412
708 412
708 412
708 412
708 412
713 412
727 415
743 415
757 414
771 416
785 420
795 423
801 423
812 424
832 426
860 429
886 431
903 432
908 432
911 435
911 435
911 435
911 435
911 435
911 435
911 435
911 435
911 435
911 435
911 435
911 435
911 435
911 435
911 435
911 435
911 435
911 435
911 435
911 435
915 435
920 435
921 435
922 435
924 436
927 437
927 437
927 437
927 437
927 437
927 437
927 437
927 437
927 437
927 437
927 437
927 437
927 437
927 437
927 437
927 437
926 437
925 436
924 436
924 436
924 436
924 436
924 436
924 436
923 436
922 436
922 436
922 436
920 435
920 435
920 435
920 435
920 435
920 435
919 435
919 435
919 435
918 433
918 433
918 433
918 433
918 433
916 432
916 432
916 431
915 431
915 431
915 431
915 431
915 431
914 431
914 431
913 431
913 431
913 431
913 431
913 431
913 431
913 431
913 431
913 431
913 431
913 431
912 431
912 431
910 431
908 431
904 431
896 434
881 441
851 452
808 467
759 486
719 503
698 513
694 515
694 515
694 515
694 515
694 515
694 515
694 515
694 515
694 515
694 515
694 515
694 515
694 515
694 515
694 515
694 515
694 515
694 515
694 515
694 515
694 515
694 515
694 515
694 515
694 515
694 515
694 515
694 515
694 515
694 515
694 515
694 515
694 515
694 515
694 515
694 515
694 515
694 515
694 515
694 515
694 515
694 515
694 515
694 515
694 515
694 515
694 515
694 515
694 515
694 515
694 515
694 515
694 515
694 515
694 515
694 515
694 515
694 515
694 515
694 515
694 515
694 515
694 515
694 515
694 515
694 515
694 515
694 515
694 515
694 515
694 515
694 515
694 515
694 515
695 514
695 514
696 514
696 514
696 514
696 514
696 514
696 514
696 514
696 514
696 514
696 514
696 514
696 514
696 514
696 514
696 514
696 514
696 514
696 514
696 514
696 514
696 514
696 514
696 514
696 514
696 514
697 514
703 512
712 511
727 510
745 508
767 505
788 503
808 502
825 500
842 498
856 496
865 494
871 493
878 492
882 490
885 488
889 485
891 484
890 483
884 480
884 480
884 480
884 478
885 477
887 473
891 466
893 460
895 457
897 452
897 452
896 454
896 456
895 459
894 460
894 460
894 461
894 461
894 461
894 461
894 460
893 458
893 457
893 457
892 457
889 457
887 457
886 457
886 457
886 457
886 459
887 460
887 460
885 460
867 456
833 439
803 421
784 409
763 397
742 386
731 380
730 379
730 379
730 379
730 379
730 379
728 379
720 370
706 352
688 333
683 328
682 328
681 329
672 342
660 374
653 420
653 463
656 489
660 502
666 517
673 543
676 561
677 564
677 565
677 565
677 565
677 565
677 565
677 565
677 565
677 565
677 565
677 565
677 567
677 567
677 567
677 567
677 567
677 567
677 567
677 567
677 567
677 567
677 567
677 567
677 567
677 567
677 567
677 567
677 567
677 567
677 567
677 567
670 572
653 582
640 591
637 593
637 593
637 593
637 593
637 593
637 593
637 593
637 593
637 593
637 593
637 593
637 593
637 593
637 593
637 593
637 593
637 593
637 593
637 593
637 593
637 593
637 593
637 593
637 593
637 593
637 593
637 593
637 593
637 593
637 593
637 593
637 593
637 593
637 593
640 593
642 593
643 593
643 593
643 593
643 593
643 593
643 593
643 593
643 593
643 593
643 593
643 593
643 593
643 593
643 593
643 593
643 593
643 593
643 593
643 593
643 593
643 600
643 605
643 607
644 607
644 609
644 609
644 609
644 609
645 610
646 611
646 611
646 611
646 611
646 611
646 611
646 611
646 611
646 611
646 611
646 611
646 611
646 611
646 611
646 611
646 611
646 611
646 611
646 611
646 611
646 611
646 611
646 611
646 611
646 611
646 611
646 611
646 611
646 611
646 611
646 611
646 611
646 611
646 611
646 611
646 611
646 611
646 611
646 611
646 611
646 611
646 611
646 611
646 611
646 611
646 611
646 611
646 611
646 611
646 611
646 611
646 611
646 611
646 611
646 611
646 611
646 611
646 611
646 611
646 611
646 611
646 611
646 611
646 611
646 611
646 611
646 611
646 611
646 611
646 611
646 611
646 611
646 611
646 611
646 611
646 611
646 611
646 611
646 611
646 611
646 611
646 611
646 611
646 611
646 611
646 611
646 611
646 611
646 611
646 611
646 611
646 611
646 611
646 611
646 611
646 611
646 611
646 611
646 611
646 611
646 611
646 611
646 611
646 611
646 611
646 611
646 611
646 611
646 611
646 611
646 611
646 611
646 611
646 611
646 611
646 611
646 611
646 611
646 611
646 611
646 611
646 611
646 611
646 611
646 611
646 611
646 611
646 611
646 611
646 611
646 611
646 611
646 611
646 611
646 611
646 611
646 611
646 611
646 611
646 611
646 611
646 611
646 611
646 611
646 611
646 611
646 611
646 611
646 611
646 611
646 611
646 611
646 611
646 611
646 611
646 611
646 611
646 611
656 610
673 609
689 606
697 604
704 604
713 604
718 603
718 603
718 603
718 603
718 603
718 603
718 603
718 603
718 603
718 603
719 603
720 603
720 603
720 603
720 603
720 603
720 603
720 603
720 603
720 603
720 603
720 603
720 603
720 603
720 603
720 603
720 603
720 603
720 603
720 603
720 603
720 603
720 603
720 603
720 603
720 603
720 603
720 603
720 603
720 603
720 603
720 603
720 603
720 603
720 603
720 603
720 603
720 603
720 603
720 603
720 603
720 603
720 603
720 603
720 603
720 603
720 603
720 603
720 603
720 603
720 603
720 603
720 603
720 603
720 603
720 603
720 603
720 603
720 603
720 603
720 603
720 603
720 603
720 603
720 603
720 603
720 603
720 603
720 603
720 603
720 603
720 603
720 603
720 603
720 603
720 603
720 603
720 603
720 603
720 603
720 603
720 603
720 603
720 603
720 603
720 603
720 603
720 603
720 603
720 603
720 603
720 603
720 603
720 603
720 603
720 603
720 603
720 603
720 603
720 603
720 603
720 603
720 603
720 603
720 603
720 603
720 603
720 603
720 603
720 603
720 603
721 604
726 606
733 608
743 610
754 611
768 612
782 613
789 613
789 613
789 613
795 613
807 613
825 613
850 611
885 609
932 608
980 604
1017 601
1037 599
1044 599
1044 599
1045 599
1045 599
1045 599
1045 599
1045 599
1045 599
1045 599
1045 599
1045 599
1045 599
1045 599
1045 599
1045 599
1045 599
1045 599
1045 599
1045 599
1045 599
1045 599
1045 599
1045 599
1045 599
1045 599
1045 599
1045 599
1045 599
1045 599
1045 599
1045 599
1045 599
1045 599
1045 599
1044 599
1044 599
1044 599
1044 599
1044 599
1044 599
1044 599
1044 599
1044 599
1044 599
1044 599
1044 599
1044 599
1043 599
1043 599
1043 599
1042 599
1042 599
1042 599
1042 599
1042 599
1042 599
1042 599
1041 599
1041 599
1041 599
1041 599
1041 599
1041 599
1041 599
1041 599
1041 599
1041 599
1041 599
1041 599
1041 599
1041 599
1041 599
1041 599
1041 599
1041 599
1041 599
1041 599
1041 599
1041 599
1041 599
1041 599
1041 599
1041 599
1041 599
1041 599
1041 599
1041 599
1041 599
1041 599
1041 599
1041 599
1041 599
1041 599
1041 599
1041 599
1041 599
1041 599
1041 599
1041 599
1041 599
1041 599
1041 599
1041 599
1041 599
1041 599
1041 599
1041 599
1041 599
1041 599
1041 599
1041 599
1041 599
1041 599
1041 599
1041 599
1041 599
1041 599
1041 599
1041 599
1041 599
1041 599
1041 599
1041 599
1041 599
1041 599
1041 599
1041 599
1041 599
1041 599
1041 599
1041 599
1041 599
1041 599
1041 599
1041 599
1041 599
1041 599
1041 599
1041 599
1041 599
1041 599
1041 599
1041 599
1041 599
1041 599
1041 599
1041 599
1041 599
1040 599
1040 599
1039 599
1039 599
1039 599
1039 599
1039 599
1039 599
1039 599
1039 599
1039 599
1039 599
1039 599
1039 599
1039 599
1038 599
1038 599
1037 599
1037 599
1036 599
1036 599
1036 599
1036 599
1036 599
1036 599
1034 599
1034 599
1034 599
1034 599
1034 599
1034 599
1034 599
1034 599
1034 599
1034 599
1034 599
1034 599
1034 599
1034 599
1034 599
1034 599
1034 599
1034 599
1034 599
1034 599
1033 599
1033 599
1033 599
1033 599
1033 599
1033 599
1033 599
1033 599
1033 599
1033 599
1033 599
1033 599
1033 599
1033 599
1033 599
1033 599
1033 599
1033 599
1033 599
1033 599
1033 599
1033 599
1033 599
1033 599
1033 599
1033 599
1033 599
1033 599
1033 599
1033 599
1033 599
1033 599
1033 599
1033 599
1033 599
1033 599
1033 599
1033 599
1033 599
1033 599
1033 599
1033 599
1033 599
1033 599
1033 599
1033 599
1033 599
1033 599
1033 599
1033 599
1033 599
1033 599
1033 599
1033 599
1033 599
1033 599
1033 599
1033 599
1033 599
1033 599
1033 599
1033 599
1033 599
1033 599
1033 599
1033 599
1033 599
1033 599
1033 599
1033 599
1033 599
1033 599
1033 599
1033 599
1033 599
1033 599
1033 599
1033 599
1033 599
1033 599
1032 599
1026 599
1013 598
985 598
930 597
868 597
826 598
821 599
821 599
821 599
821 599
821 599
821 599
821 599
821 599
821 599
821 599
821 599
821 599
821 599
821 599
821 599
821 599
821 599
821 599
821 599
821 599
821 599
821 599
821 599
821 599
821 599
821 599
821 599
821 599
821 599
821 599
823 599
824 599
824 599
824 599
824 599
824 599
824 599
824 599
824 599
824 599
824 599
824 599
824 599
824 599
824 599
824 599
824 599
824 599
824 599
824 599
824 599
824 599
824 599
824 599
824 599
824 599
824 599
824 599
824 599
824 599
824 599
824 599
824 599
824 599
824 599
824 599
824 599
824 599
824 599
824 599
824 599
824 599
824 599
824 599
824 599
824 599
825 599
825 599
825 599
825 599
825 599
825 599
825 599
825 599
825 599
825 599
825 599
825 599
825 599
825 599
825 599
825 599
825 599
825 599
825 599
825 599
825 599
825 599
829 599
832 599
834 599
835 599
835 599
835 599
835 599
835 599
835 599
835 599
835 599
835 599
835 599
835 599
835 599
835 599
835 599
835 599
835 599
835 599
835 599
835 599
835 599
835 599
835 599
835 599
835 599
835 599
835 599
835 599
835 599
835 599
835 599
835 599
835 599
835 599
835 599
835 599
835 599
835 599
835 599
835 599
835 599
835 599
835 599
835 599
835 599
835 599
835 599
835 599
835 599
835 599
835 599
835 599
835 599
835 599
835 599
835 599
835 599
835 599
835 599
835 599
835 599
835 599
835 599
835 599
835 599
835 599
835 599
835 599
835 599
835 599
835 599
835 599
835 599
835 599
835 599
835 599
835 599
835 599
835 599
835 599
835 599
835 599
