835 599
835 599
835 599
835 599
835 599
835 599
835 599
835 599
835 599
835 599
835 599
835 599
835 599
835 599
835 599
835 599
835 601
835 603
835 603
835 604
835 604
835 604
835 604
835 604
835 604
835 604
835 604
835 604
835 604
835 604
835 604
835 604
835 604
835 604
835 604
835 604
835 604
835 604
835 604
835 604
835 604
835 604
835 604
835 604
835 604
835 604
835 604
835 604
835 604
835 604
835 604
835 604
835 604
835 604
835 604
835 604
835 604
835 604
835 604
835 604
835 604
835 604
835 604
835 604
835 604
835 604
835 604
835 604
835 604
835 604
835 604
835 604
835 604
835 604
835 604
835 604
835 604
835 604
835 604
835 604
835 604
835 604
835 604
835 604
835 604
835 604
835 604
835 604
835 604
835 604
835 604
835 604
835 604
835 604
835 604
835 604
835 604
835 604
835 604
835 604
835 604
835 604
829 604
813 602
799 602
799 599
811 584
843 564
876 551
894 547
903 550
908 554
905 556
901 564
895 569
895 569
896 569
898 567
904 563
918 557
929 555
940 554
949 552
950 552
950 551
949 551
948 551
947 551
945 551
945 551
942 551
941 551
941 551
940 551
939 551
939 551
939 551
939 551
939 551
939 551
939 551
939 551
939 551
939 551
939 551
939 551
939 551
939 551
939 551
939 551
939 551
939 551
939 551
939 551
939 551
939 551
939 551
939 551
939 551
939 551
939 551
939 551
939 551
939 551
939 551
939 551
939 551
939 551
939 551
939 551
939 551
939 551
939 551
939 551
939 551
939 551
939 551
939 551
939 551
939 551
939 551
939 551
939 551
939 551
939 551
939 551
939 551
939 551
939 551
939 551
939 551
939 551
939 551
939 551
939 551
939 551
939 551
939 551
939 551
939 551
938 551
938 551
936 550
933 550
933 550
933 550
933 550
933 550
933 549
933 549
933 549
934 547
934 547
934 547
934 547
934 547
934 547
934 547
934 547
934 547
935 547
938 549
938 549
938 549
938 549
938 549
938 549
938 549
938 549
938 549
938 549
938 549
938 549
938 549
938 549
939 546
943 539
948 528
960 512
971 500
978 487
991 469
1012 434
1044 399
1081 360
1111 331
1119 324
1119 324
1119 324
1119 324
1119 324
1119 324
1119 324
1119 324
1111 349
1106 373
1118 362
1118 347
1121 320
1136 287
1153 262
1162 251
1166 244
1169 233
1174 216
1181 203
1186 193
1194 181
1200 172
1201 171
1200 171
1200 171
1199 171
1196 172
1194 174
1194 180
1193 187
1198 192
1206 195
1210 197
1210 197
1210 197
1212 197
1212 197
1212 197
1212 197
1212 197
1212 197
1212 197
1212 197
1213 197
1213 197
1213 197
1213 196
1213 195
1213 194
1213 194
1213 194
1215 194
1221 193
1229 193
1233 193
1234 193
1238 193
1240 194
1240 194
1242 195
1242 195
1242 195
1242 195
1242 195
1242 195
1242 195
1242 195
1242 195
1242 195
1242 195
1242 195
1241 195
1233 199
1218 210
1208 218
1204 221
1196 226
1178 240
1148 265
1107 289
1054 305
1012 321
988 331
976 338
973 341
971 346
969 349
965 351
960 359
955 364
949 370
928 379
891 397
827 423
772 448
724 474
698 487
688 493
686 495
683 498
683 499
683 499
683 499
683 499
683 499
683 499
683 499
683 499
683 499
683 499
683 499
683 499
683 499
683 499
683 499
683 499
683 499
683 499
678 499
664 495
645 486
630 478
624 474
619 471
616 470
615 469
615 469
615 467
615 466
615 466
617 465
620 464
623 462
626 460
626 460
626 460
621 471
597 500
559 539
529 574
508 598
496 616
493 624
493 624
493 624
493 624
493 624
493 624
493 624
495 618
502 610
515 603
527 599
531 597
531 597
536 597
541 599
542 599
545 601
550 605
551 606
551 606
551 607
552 608
552 608
552 608
552 608
552 608
552 608
552 608
555 608
566 605
579 600
581 599
581 599
586 599
598 598
614 595
631 589
653 580
676 567
689 558
689 558
689 558
689 558
689 558
689 558
689 558
689 558
689 557
692 556
707 550
724 542
739 537
753 533
773 525
798 516
820 507
832 503
833 502
833 502
833 502
836 502
836 502
836 502
836 502
836 502
836 502
836 502
836 502
836 502
836 502
836 502
836 502
836 502
836 502
836 502
836 502
836 502
836 502
836 502
836 502
836 502
836 502
836 502
838 501
840 501
840 501
840 501
840 501
840 500
840 500
840 500
840 500
840 500
840 500
840 500
840 500
840 500
840 500
840 500
840 500
840 500
840 500
840 500
840 500
840 500
840 500
840 500
840 500
840 500
840 500
840 500
841 500
841 500
841 500
841 500
841 500
843 500
845 500
849 500
850 500
855 498
861 497
867 495
872 494
877 492
882 490
885 490
885 490
885 490
886 489
887 489
887 489
887 489
887 489
887 489
887 489
887 489
887 489
887 489
887 489
887 489
887 489
887 489
887 489
887 489
887 489
887 489
887 489
887 489
887 489
887 489
887 489
887 489
887 489
887 489
887 489
887 489
887 489
887 489
887 489
887 489
887 489
887 489
887 489
887 489
887 489
887 489
887 489
887 489
887 489
887 489
887 489
887 489
887 489
887 489
887 489
887 489
887 489
887 489
887 489
887 489
887 489
887 489
887 489
887 489
887 489
887 489
887 489
887 489
887 489
887 489
887 489
887 489
887 489
887 489
887 489
887 489
887 489
887 489
887 489
887 489
887 489
887 489
887 489
887 489
887 489
887 489
887 489
887 489
887 489
887 489
887 489
887 489
887 489
887 489
887 489
887 489
887 489
887 489
887 489
887 489
887 489
887 489
887 489
887 489
887 489
887 489
887 489
887 489
887 489
887 489
887 489
887 489
887 489
887 489
887 489
887 489
887 489
887 489
887 489
886 489
886 489
886 489
886 489
886 489
886 489
886 489
886 489
885 489
882 489
876 489
864 489
840 491
795 497
731 506
669 516
630 524
615 528
614 528
614 528
614 528
614 528
614 528
613 530
609 532
599 539
581 550
564 560
553 567
549 570
549 570
549 570
548 571
547 572
546 574
546 575
545 578
543 581
542 583
538 586
536 590
534 594
532 597
530 599
529 601
528 602
528 602
528 602
528 602
528 602
528 602
528 602
527 603
527 603
527 603
527 603
527 603
527 603
527 603
527 603
527 603
527 603
527 603
529 603
534 601
540 599
543 598
543 598
544 597
546 597
546 597
547 597
550 597
553 596
555 596
557 596
558 596
559 596
559 596
559 596
559 596
559 596
559 596
559 596
559 596
560 597
560 598
561 599
561 602
562 603
562 604
562 605
562 605
562 605
562 605
562 605
562 605
562 605
562 605
562 605
562 605
562 605
562 605
562 605
562 605
562 605
562 605
562 605
562 605
562 605
562 605
562 605
562 605
562 605
562 605
562 605
562 605
562 605
562 605
562 605
562 605
562 605
562 605
562 605
562 605
562 605
562 605
562 605
562 605
562 605
562 605
562 605
562 605
562 605
562 605
562 605
562 605
562 605
562 605
562 605
562 605
562 605
562 605
562 605
562 605
562 605
562 605
562 605
562 605
562 605
562 605
562 605
562 605
562 605
562 605
562 605
562 605
562 605
562 605
561 604
561 604
561 604
561 604
561 604
561 604
561 604
561 604
561 604
561 604
561 604
561 604
561 604
561 604
561 604
561 604
561 604
561 604
561 604
561 604
561 604
561 604
561 604
561 604
561 604
561 604
561 604
561 604
561 604
561 604
561 604
561 604
561 604
561 604
561 604
561 604
561 604
561 604
561 604
561 604
561 604
561 604
561 604
561 604
561 604
561 604
561 604
561 604
561 604
561 604
561 604
561 604
561 604
561 604
561 604
561 604
561 604
561 604
561 604
561 604
561 604
561 604
561 604
561 604
561 604
561 604
563 602
567 599
573 596
575 596
575 596
575 596
579 597
584 599
586 600
586 601
586 603
587 605
587 606
588 610
589 612
590 612
590 612
591 612
591 612
591 612
591 613
592 613
596 613
602 613
609 613
614 613
616 613
619 612
622 611
623 611
623 611
623 611
623 611
623 611
623 611
623 611
623 611
623 611
623 611
623 611
623 611
623 611
623 611
623 611
620 610
609 611
586 613
561 613
553 613
553 613
553 613
553 613
553 613
553 613
553 613
553 613
555 613
561 613
568 613
569 612
569 612
569 612
570 612
570 612
570 612
570 612
570 612
570 612
570 612
570 612
570 612
570 612
570 612
570 612
570 612
571 612
572 612
574 612
576 612
579 612
581 612
582 612
582 611
584 611
584 611
586 611
592 611
596 611
598 611
603 611
609 611
610 611
610 611
611 611
611 611
611 611
615 611
619 611
621 611
624 611
628 611
630 611
630 611
630 611
630 611
630 611
630 611
630 611
630 611
630 611
630 611
630 611
630 611
630 611
630 611
630 611
630 611
630 611
630 611
630 611
630 611
630 610
630 610
630 605
630 597
632 585
638 571
643 558
646 546
647 535
647 530
648 529
648 528
648 528
648 528
648 528
648 528
648 528
648 528
648 528
648 528
648 528
648 528
648 528
648 528
648 525
653 517
665 509
677 502
686 500
688 500
688 500
689 498
694 492
699 485
704 479
705 478
705 478
706 478
707 478
710 478
712 477
712 477
712 477
712 477
712 477
713 476
714 474
716 471
720 466
720 463
720 463
720 463
720 463
720 463
720 463
720 463
720 463
720 463
720 463
720 463
720 463
720 463
720 463
720 463
720 463
720 463
720 463
719 463
719 463
719 463
719 463
719 463
719 463
719 463
719 463
719 463
719 463
719 463
719 463
718 463
717 463
717 463
717 463
717 463
716 463
715 463
714 463
713 463
712 463
711 463
709 463
706 463
703 463
701 463
701 463
701 463
701 463
699 465
699 467
699 468
700 469
700 469
700 469
700 469
700 469
700 469
699 469
698 469
697 469
696 468
696 468
696 468
696 468
696 468
696 468
696 468
696 468
696 468
696 468
696 468
696 468
696 468
696 468
697 468
705 465
718 461
736 455
743 450
742 449
735 449
735 449
739 446
746 438
758 429
767 426
771 427
773 427
774 428
774 428
774 428
774 428
774 428
774 428
774 428
774 428
774 428
774 428
774 428
774 428
775 428
780 426
789 423
798 419
806 417
818 410
835 400
855 392
873 386
885 382
898 377
913 371
928 363
951 350
977 335
1015 316
1056 298
1091 284
1115 274
1140 263
1177 250
1221 236
1265 216
1299 194
1322 182
1328 173
1328 173
1328 173
1328 173
1328 173
1328 173
1328 173
1328 173
1328 173
1318 177
1305 186
1292 192
1277 199
1261 208
1246 218
1241 222
1239 224
1239 226
1239 232
1239 233
1240 233
1240 233
1243 233
1246 232
1247 232
1247 232
1247 232
1248 232
1248 232
1248 232
1248 232
1248 232
1248 232
1248 232
1248 232
1248 232
1248 232
1247 232
1247 232
1246 232
1246 232
1246 232
1246 232
1246 232
1246 232
1246 232
1246 232
1246 232
1246 232
1246 232
1246 232
1245 232
1245 232
1244 232
1244 232
1243 232
1243 232
1242 232
1242 232
1242 232
1241 232
1241 232
1241 232
1241 232
1241 232
1241 232
1241 232
1241 232
1241 232
1240 232
1240 232
1240 232
1240 232
1240 232
1239 232
1239 232
1238 232
1238 233
1238 233
1238 233
1238 233
1237 233
1237 233
1237 233
1237 233
1235 233
1235 233
1234 234
1234 234
1233 234
1233 234
1233 234
1232 235
1232 235
1231 235
1231 235
1231 235
1230 236
1230 236
1230 236
1230 236
1230 236
1230 236
1230 236
1230 236
1229 236
1229 236
1229 236
1229 236
1229 236
1229 236
1229 236
1229 236
1229 236
1229 236
1229 236
1229 236
1229 237
1229 237
1229 237
1229 237
1229 237
1229 237
1229 237
1229 237
1229 237
1229 237
1229 237
1229 237
1229 237
1229 237
1229 237
1229 237
1229 237
1228 237
1227 237
1227 237
1227 237
1226 238
1226 238
1226 238
1226 238
1226 238
1226 238
1226 238
1226 238
1226 238
1225 239
1222 239
1219 239
1217 239
1217 239
1217 239
1217 239
1217 239
1217 242
1223 247
1225 251
1226 252
1226 252
1223 252
1222 252
1222 251
1222 248
1222 247
1223 244
1224 243
1224 241
1224 240
1224 240
1224 240
1223 239
1223 238
1223 238
1223 238
1223 238
1223 238
1223 238
1223 237
1223 237
1223 237
1222 237
1222 237
1222 236
1222 236
1222 236
1222 236
1222 236
1222 236
1222 236
1222 236
1222 236
1222 236
1222 236
1222 236
1222 236
1222 236
1222 236
1221 235
1221 234
1221 234
1219 231
1217 229
1214 226
1214 226
1214 226
1214 226
1214 226
1214 226
1214 226
1214 226
1215 226
1216 227
1217 227
1217 227
1217 227
1212 226
1202 224
1189 220
1169 213
1165 210
1165 210
1165 210
1165 210
1165 215
1166 217
1168 219
1169 221
1169 221
1169 221
1169 221
1169 221
1169 221
1169 221
1169 221
1168 221
1168 221
1168 221
1168 221
1168 221
1168 221
1168 221
1168 221
1168 221
1168 221
1168 221
1168 221
1168 221
1168 221
1168 221
1168 221
1168 221
1168 221
1168 221
1168 221
1168 221
1168 221
1168 221
1168 221
1168 221
1168 221
1168 221
1168 221
1168 221
1168 221
1168 221
1168 221
1168 221
1168 221
1168 221
1168 221
1168 221
1168 221
1168 221
1168 221
1168 221
1168 221
1168 221
1168 221
1168 221
1168 221
1168 221
1168 221
1168 221
1168 221
1168 221
1168 221
1168 221
1168 221
1168 221
1168 221
1168 221
1168 221
1168 221
1168 221
1168 221
1168 221
1168 221
1168 221
1168 221
1168 221
1168 221
1168 221
1168 221
1168 221
1168 221
1168 221
1168 221
1168 221
1168 221
1168 221
1168 221
1168 221
1168 221
1168 221
1168 221
1168 221
1168 221
1168 221
1167 221
1167 221
1167 221
1167 221
1167 221
1167 221
1167 221
1167 221
1167 221
1167 221
1167 221
1167 221
1167 221
1167 221
1167 221
1167 221
1167 221
1167 221
1167 221
1167 221
1167 221
1167 221
1167 221
1167 221
1167 221
1167 221
1167 221
1167 221
1167 221
1167 221
1167 221
1167 221
1167 221
1167 221
1167 221
1167 221
1167 221
1167 221
1167 221
1167 221
1167 221
1166 221
1166 221
1166 221
1166 221
1166 221
1166 221
1166 221
1166 221
1166 221
1166 221
1166 221
1166 221
1166 221
1166 221
1166 221
1166 221
1166 221
1166 221
1166 221
1166 221
1166 221
1166 221
1166 221
1166 221
1166 221
1166 221
1166 221
1166 221
1166 221
1166 221
1166 221
1166 221
1166 221
1166 221
1166 221
1166 221
1166 221
1166 221
1164 221
1163 222
1162 222
1162 222
1161 223
1159 224
1156 225
1156 226
1155 226
1155 226
1154 227
1154 227
1154 227
1154 227
1154 227
1154 227
1154 227
1154 228
1154 228
1154 228
1154 228
1154 228
1154 228
1154 228
1154 228
1154 228
1154 228
1154 228
1154 228
1154 228
1154 228
1154 228
1154 228
1154 228
1154 228
1154 228
1154 228
1154 228
1154 228
1154 228
1154 228
1154 228
1154 228
1154 228
1154 228
1154 228
1154 228
1154 228
1154 228
1154 228
1154 228
1154 228
1154 228
1154 228
1154 228
1154 228
1154 228
1154 228
1154 228
1154 228
1154 228
1154 228
1154 228
1154 228
1154 228
1154 228
1154 228
1154 228
1154 228
1154 228
1154 228
1154 228
1154 228
1154 228
1154 228
1154 228
1154 228
1154 228
1154 228
1154 228
1154 228
1154 228
1154 228
1154 228
1154 228
1154 228
1154 228
1154 228
1154 228
1154 228
1154 228
1154 228
1154 228
1154 228
1154 228
1154 228
1154 228
1154 228
1154 228
1154 228
1154 228
1154 228
1154 228
1154 228
1154 228
1154 228
1154 228
1154 228
1154 228
1154 228
1154 228
1154 228
1154 228
1154 228
1154 228
1154 228
1154 228
1154 228
1154 228
1154 228
1154 228
1154 228
1154 228
1154 228
1154 228
1154 228
1154 228
1154 228
1154 228
1154 228
1154 228
1154 228
1154 228
1154 228
1154 228
1154 228
1154 228
1154 228
1154 228
1154 228
1154 228
1154 228
1154 228
1154 228
1154 228
1154 228
1154 228
1154 228
1154 228
1154 228
1154 228
1154 228
1154 228
1154 228
1154 228
1154 228
1154 228
1154 228
1154 228
1154 228
1154 228
1154 228
1154 228
1154 228
1154 228
1154 228
1154 228
1154 228
1154 228
1154 228
1154 228
1154 228
1154 228
1154 228
1154 228
1154 228
1154 228
1154 228
1154 228
1154 228
1154 228
1154 228
1154 228
1154 228
1154 228
1154 228
1154 228
1154 228
1154 228
1154 228
1154 228
1154 228
1154 228
1154 228
1154 228
1154 228
1154 228
1154 228
1154 228
1154 228
1154 228
1154 228
1154 228
1154 228
1154 228
1154 228
1154 228
1154 228
1154 228
1154 228
1154 228
1154 228
1154 228
1154 228
1154 228
1154 228
1154 228
1154 228
1154 228
1154 228
1154 228
1155 231
1157 233
1157 234
1160 236
1160 236
1160 236
1160 236
1161 236
1161 236
1161 236
1161 236
1162 239
1164 241
1166 242
1168 243
1174 246
1174 246
1174 246
1174 246
1173 246
1173 246
1173 246
1172 243
1170 240
1168 238
1168 238
1168 238
1168 238
1168 238
1168 238
1168 238
1168 238
