710 415
685 425
639 444
567 469
451 503
344 536
260 566
194 583
148 595
120 605
103 612
90 616
77 620
58 626
38 632
32 635
32 635
32 635
32 635
32 635
32 635
32 635
32 635
32 635
32 635
32 635
32 635
32 635
32 635
32 635
32 635
32 635
32 635
32 635
32 635
32 635
32 635
32 635
32 635
32 635
32 635
32 635
32 635
32 635
32 635
31 635
31 635
31 635
31 635
31 635
31 635
31 635
31 635
31 635
31 635
31 635
31 635
31 635
31 635
31 635
31 635
31 635
31 635
31 635
42 626
68 609
105 588
144 566
170 550
185 538
191 530
196 521
201 512
205 506
206 504
206 504
206 504
206 504
206 504
206 504
206 504
206 504
206 504
206 504
206 504
206 504
206 504
213 503
243 496
288 485
348 463
427 433
521 382
620 320
696 265
748 224
776 199
798 179
820 159
842 140
865 123
891 107
917 88
942 68
965 50
994 32
1021 19
1041 10
1057 5
1086 0
1108 0
1111 0
1111 0
1111 0
1111 0
1111 0
1108 0
1103 0
1101 0
1101 0
1101 0
1101 0
1101 0
1101 0
1101 0
1101 0
1101 0
1101 0
1096 0
1093 0
1091 0
1089 0
1087 0
1087 0
1085 0
1078 0
1069 0
1057 0
1053 0
1050 0
1044 0
1043 0
1043 0
1043 0
1043 0
1043 0
1043 0
1043 0
1043 0
1043 0
1043 0
1043 0
1043 0
1043 0
1043 0
1043 6
1038 24
1036 41
1033 45
1033 45
1033 45
1033 45
1033 45
1033 45
1033 45
1033 45
1022 55
1019 59
1008 63
988 78
960 97
942 108
937 111
931 117
915 126
898 137
883 146
873 149
871 150
870 150
867 151
862 154
856 157
853 159
849 161
844 164
838 167
828 173
814 182
797 193
774 206
742 228
702 250
667 271
633 290
612 301
599 306
594 308
587 312
575 318
558 325
543 332
530 338
513 346
488 362
460 381
430 403
403 424
381 442
368 453
358 461
349 467
347 469
347 469
347 469
347 469
347 469
347 468
352 460
362 444
372 430
382 417
388 405
388 397
389 392
388 387
386 382
384 379
384 379
384 379
384 379
385 378
387 376
388 375
389 375
389 375
389 375
389 375
389 375
389 375
389 375
389 375
389 375
389 375
389 375
389 375
389 375
389 375
389 375
389 375
389 375
389 375
388 375
388 375
388 375
387 375
386 375
386 375
386 375
386 375
386 375
386 375
386 375
386 375
386 375
386 375
386 375
386 375
386 375
386 375
386 375
386 375
386 375
386 375
386 375
386 375
386 375
386 375
386 375
386 375
386 375
386 375
386 375
386 375
386 375
386 375
386 375
386 375
386 375
386 375
386 375
386 375
386 375
386 375
386 375
386 375
386 375
386 375
386 375
386 375
386 375
386 375
386 375
386 375
386 375
386 375
386 375
386 375
386 375
386 375
386 375
386 375
386 375
386 375
386 375
386 375
386 375
386 375
386 375
386 375
386 375
386 375
386 375
386 375
386 375
386 375
386 375
386 375
386 375
386 375
384 377
383 378
383 378
383 378
383 378
383 378
383 378
383 378
383 378
383 378
383 378
383 378
383 378
383 378
383 378
383 378
383 378
383 378
383 378
383 378
383 378
383 378
383 378
383 378
383 378
383 378
383 378
383 378
383 378
383 378
383 378
383 378
383 378
383 378
383 378
383 378
383 378
383 378
383 378
383 378
383 378
383 378
383 378
383 378
383 378
383 378
383 378
383 378
383 378
383 378
383 378
383 378
383 378
383 378
383 378
383 378
383 378
383 378
383 378
383 378
383 378
383 378
383 378
383 378
383 378
383 378
383 378
383 378
383 378
383 378
383 378
383 378
383 378
383 382
387 391
393 400
394 403
394 403
395 403
401 406
412 408
423 409
434 407
452 404
476 400
500 394
518 388
525 388
526 388
532 392
550 397
576 398
605 392
650 380
705 367
753 355
790 345
812 340
834 329
864 310
903 293
942 287
969 286
972 284
953 283
920 289
886 293
864 296
856 293
856 293
851 288
844 285
833 282
824 279
818 278
814 279
808 280
806 280
803 280
802 279
803 275
809 264
826 242
856 213
881 185
892 167
898 150
904 132
913 115
924 101
937 89
955 77
973 64
985 54
993 47
999 42
1003 36
1005 33
1006 32
1006 31
1006 31
1006 31
1006 31
1005 31
1004 31
1003 31
1002 32
996 37
987 49
970 66
952 86
950 90
957 87
987 64
1029 24
1059 0
1077 0
1081 0
1081 0
1081 0
1080 0
1073 0
1064 0
1062 0
1062 0
1062 0
1062 0
1062 0
1062 0
1062 0
1062 0
1062 0
1062 0
1062 0
1061 0
1061 0
1061 0
1061 0
1061 0
1061 0
1061 0
1061 0
1061 0
1061 0
1061 0
1061 0
1061 0
1061 0
1061 0
1061 0
1061 0
1061 0
1061 0
1061 0
1061 0
1061 0
1061 0
1061 0
1061 0
1061 0
1061 0
1061 0
1061 0
1061 0
1061 0
1061 0
1061 0
1061 0
1061 0
1061 0
1061 0
1061 0
1061 0
1061 1
1059 29
1063 87
1065 168
1052 280
1034 397
1035 525
1046 627
1058 704
1068 761
1086 815
1105 875
1120 899
1132 899
1153 899
1181 890
1195 877
1198 871
1198 871
1201 870
1204 869
1207 867
1207 867
1207 867
1207 867
1207 867
1207 867
1207 867
1207 867
1207 867
1206 867
1206 867
1206 867
1203 865
1194 857
1183 846
1178 838
1168 825
1136 803
1123 789
1110 772
1084 742
1059 704
1044 677
1019 652
974 623
924 599
857 573
778 547
699 537
624 571
568 671
542 750
548 795
560 817
564 822
564 827
558 839
554 861
549 871
540 877
534 885
536 890
539 891
541 887
540 882
521 875
495 878
490 880
487 880
486 880
486 880
486 880
486 880
500 875
544 853
611 808
681 754
737 701
764 659
761 610
747 567
740 545
736 531
731 517
723 496
710 477
693 465
671 458
638 449
601 438
572 427
564 425
563 424
564 423
574 416
590 409
604 403
606 401
606 401
606 401
606 401
603 396
602 393
600 387
595 374
593 367
593 366
593 366
592 366
590 359
583 347
554 297
520 241
503 203
486 165
474 136
469 114
466 95
459 72
454 50
446 32
434 28
430 27
428 28
420 28
412 29
405 29
401 29
397 29
392 29
380 30
355 32
328 35
307 36
300 36
298 36
298 36
298 36
298 36
298 36
298 36
298 36
298 36
298 36
298 36
298 36
298 36
298 36
298 36
298 36
298 36
298 36
298 36
298 36
300 40
303 52
308 73
314 99
322 126
330 152
337 174
343 188
346 194
346 194
346 194
346 194
346 194
346 194
346 194
346 194
346 194
346 194
346 194
346 194
346 194
346 194
346 194
346 194
346 194
346 194
346 194
346 194
346 194
346 194
346 194
346 194
346 194
346 194
346 194
346 194
346 194
346 194
346 194
346 194
346 194
346 194
346 194
346 194
346 194
346 194
346 194
346 194
346 194
346 194
346 194
346 194
346 194
346 194
346 194
346 194
346 194
346 194
346 194
346 194
346 194
346 194
346 194
346 194
346 194
346 194
346 194
346 194
346 194
346 194
346 194
346 194
346 194
