1285 699
1285 699
1285 699
1285 699
1285 699
1285 699
1285 699
1285 699
1286 699
1287 698
1287 698
1287 698
1287 698
1287 698
1287 698
1287 698
1287 698
1287 698
1287 698
1287 698
1287 698
1287 698
1287 698
1287 698
1287 698
1287 698
1287 698
1287 698
1287 698
1287 698
1287 698
1287 698
1287 698
1287 698
1287 698
1287 698
1287 698
1287 698
1287 698
1287 698
1287 698
1287 698
1287 698
1287 698
1287 698
1287 698
1287 698
1287 698
1287 698
1287 698
1287 698
1287 698
1287 698
1287 698
1287 698
1287 698
1287 698
1287 698
1287 698
1287 698
1287 698
1287 698
1287 698
1287 698
1287 698
1287 698
1287 698
1287 698
1287 698
1287 698
1287 698
1287 698
1287 698
1287 698
1287 698
1287 698
1287 698
1287 698
1287 698
1287 698
1287 698
1287 698
1287 698
1287 698
1287 698
1287 698
1287 698
1294 698
1309 699
1327 698
1340 696
1342 695
1342 695
1341 695
1341 695
1341 695
1341 695
1341 695
1341 695
1341 695
1341 695
1341 695
1341 695
1341 695
1341 695
1341 695
1341 695
1341 695
1341 695
1341 695
1341 695
1341 695
1341 695
1341 695
1341 695
1341 695
1341 695
1341 695
1341 695
1341 695
1341 695
1341 695
1341 695
1341 695
1341 695
1341 695
1341 695
1341 695
1341 695
1341 695
1341 695
1341 695
1341 695
1341 695
1341 695
1341 695
1341 695
1341 695
1341 695
1341 695
1341 695
1341 695
1341 695
1341 695
1341 695
1341 695
1341 695
1341 695
1341 695
1341 695
1341 695
1341 695
1341 695
1341 695
1341 695
1341 695
1339 694
1338 694
1331 692
1324 691
1324 691
1325 692
1325 692
1325 692
1325 692
1325 692
1325 692
1325 692
1323 695
1323 695
1323 695
1323 695
1323 695
1323 695
1323 695
1322 695
1322 695
1322 695
1322 695
1322 695
1322 695
1322 695
1322 695
1322 695
1322 695
1322 695
1322 695
1322 695
1322 695
1322 695
1322 695
1322 695
1322 695
1322 695
1322 695
1322 695
1322 695
1322 695
1322 695
1322 695
1322 695
1322 695
1322 695
1322 695
1322 695
1322 695
1322 695
1322 695
1322 695
1322 695
1322 695
1322 695
1322 695
1322 695
1322 695
1322 695
1322 695
1322 695
1322 695
1322 695
1322 695
1322 695
1322 695
1322 695
1322 695
1322 695
1322 695
1322 695
1322 695
1322 695
1322 696
1321 696
1320 697
1315 699
1306 703
1306 703
1306 703
1305 703
1304 704
1304 704
1304 705
1303 712
1301 719
1300 723
1300 724
1300 724
1300 727
1300 731
1300 734
1300 737
1300 738
1300 738
1300 739
1297 741
1297 741
1294 743
1292 745
1290 746
1290 746
1289 748
1289 748
1289 748
1289 748
1289 748
1289 748
1289 748
1289 748
1289 748
1289 748
1289 748
1289 748
1289 748
1289 748
1289 748
1289 748
1289 748
1289 748
1289 748
1289 748
1289 748
1289 748
1288 748
1287 748
1285 748
1285 748
1282 748
1276 747
1270 745
1265 743
1259 739
1246 733
1235 727
1232 724
1232 724
1232 724
1232 724
1232 723
1232 723
1229 718
1227 714
1225 711
1225 711
1225 711
1225 711
1225 711
1225 711
1225 711
1225 711
1225 711
1227 711
1237 711
1258 711
1283 710
1304 704
1310 699
1309 699
1311 702
1311 702
1311 702
1311 702
1311 702
1311 702
1311 702
1311 702
1311 702
1311 702
1311 702
1311 702
1311 702
1311 702
1311 702
1311 702
1311 702
1311 702
1311 702
1311 702
1311 702
1311 702
1311 702
1311 702
1311 702
1311 702
1311 702
1311 702
1311 702
1311 702
1311 702
1311 702
1311 702
1311 702
1311 702
1311 702
1311 702
1311 702
1311 702
1311 702
1311 702
1312 701
1313 697
1313 697
1313 697
1313 697
1311 695
1311 693
1304 701
1283 714
1260 722
1236 729
1212 738
1204 743
1199 746
1196 750
1189 757
1180 763
1172 768
1164 770
1161 771
1161 771
1161 771
1161 771
1161 771
1161 771
1160 771
1159 771
1158 771
1157 772
1156 772
1153 773
1153 773
1153 773
1153 773
1153 773
1153 773
1151 773
1146 774
1145 774
1142 774
1137 775
1136 775
1135 775
1135 775
1134 775
1134 775
1134 775
1134 775
1134 775
1134 775
1134 775
1134 775
1134 775
1134 775
1137 774
1145 770
1157 764
1166 758
1177 754
1190 748
1200 743
1208 739
1215 735
1219 732
1226 727
1232 723
1238 719
1243 714
1250 708
1256 703
1258 701
1261 700
1262 699
1263 698
1263 698
1263 698
1263 698
1263 698
1263 698
1263 698
1263 698
1263 698
1263 701
1262 704
1262 705
1262 707
1262 707
1262 707
1262 708
1262 709
1262 709
1259 711
1254 714
1250 716
1247 716
1245 717
1244 718
1244 718
1244 718
1244 718
1244 718
1244 718
1244 718
1244 718
1244 718
1244 718
1244 718
1244 718
1244 718
1243 718
1242 718
1241 718
1238 719
1233 722
1230 723
1228 724
1224 725
1220 727
1219 727
1219 727
1219 727
1219 727
1219 727
1219 728
1219 728
1219 728
1219 728
1219 728
1219 728
1219 728
1219 728
1219 728
1219 728
1219 728
1219 728
1219 728
1219 728
1219 728
1219 728
1219 728
1219 728
1219 728
1219 728
1219 728
1219 728
1219 728
1219 728
1219 728
1219 728
1219 728
1219 728
1219 728
1219 728
1219 728
1219 728
1219 728
1219 728
1219 728
1219 728
1219 728
1219 728
1219 728
1219 728
1219 728
1219 728
1219 728
1219 728
1219 728
1219 728
1219 728
1219 728
1219 728
1219 728
1219 728
1219 728
1219 728
1219 728
1221 729
1224 731
1227 733
1228 733
1229 733
1229 733
1229 733
1229 733
1229 733
1229 733
1229 733
1229 733
1229 733
1229 733
1229 733
1229 733
1229 733
1229 733
1230 735
1230 736
1230 736
1230 736
1230 736
1230 736
1230 736
1230 736
1230 736
1230 736
1230 736
1230 736
1230 736
1230 736
1230 736
1231 737
1231 737
1231 737
1231 737
1231 737
1231 737
1231 737
1231 737
1231 737
1231 737
1231 737
1231 737
1231 737
1231 737
1231 737
1231 737
1231 737
1231 737
1231 737
1228 737
1227 737
1226 737
1224 737
1224 737
1217 737
1211 737
1209 736
1209 736
1209 736
1208 735
1208 735
1208 735
1208 735
1208 735
1208 735
1208 734
1207 729
1207 723
1208 714
1207 701
1204 691
1196 674
1181 647
1163 609
1152 582
1148 549
1148 516
1161 490
1176 472
1196 461
1216 449
1231 439
1246 431
1255 421
1268 410
1276 407
1279 406
1279 406
1279 406
1279 406
1279 406
1279 406
1279 406
1279 406
1279 406
1279 406
1278 406
1277 406
1277 406
1277 406
1277 406
1277 407
1277 410
1277 412
1277 412
1277 415
1278 427
1278 446
1274 464
1258 497
1253 543
1251 583
1251 616
1251 637
1251 646
1249 656
1247 666
1246 674
1246 676
1246 680
1245 686
1244 692
1242 695
1239 698
1238 700
1238 700
1238 700
1238 700
1237 693
1236 679
1241 657
1246 628
1244 600
1248 575
1255 544
1259 524
1260 513
1262 502
1266 489
1267 484
1267 482
1267 481
1267 481
1267 481
1267 480
1267 480
1267 480
1264 480
1263 480
1261 481
1256 482
1252 486
1251 486
1250 486
1250 486
1250 486
1250 486
1250 486
1249 486
1244 486
1242 486
1236 486
1222 485
1197 485
1163 480
1115 472
1053 466
993 469
923 467
853 461
796 453
755 439
708 419
659 402
614 392
585 389
580 388
580 388
580 388
584 388
591 387
592 387
592 387
592 387
592 387
592 387
592 387
592 387
592 387
592 387
592 387
592 387
592 387
592 387
592 387
592 387
592 387
592 387
592 387
592 387
592 387
592 387
592 387
592 387
592 387
593 387
595 388
597 390
600 391
600 391
602 392
603 393
603 393
603 393
603 393
604 394
604 394
604 394
604 394
604 394
604 394
604 394
604 394
604 394
604 394
605 395
608 396
609 397
609 397
611 397
611 398
611 398
611 398
611 398
611 398
612 399
612 399
612 399
612 399
612 399
612 399
612 399
612 399
612 399
612 399
614 400
614 401
615 401
615 401
615 401
615 401
616 402
617 402
617 402
617 402
617 402
617 402
617 402
618 402
619 402
619 402
619 402
619 402
619 402
619 402
622 406
624 409
625 412
625 415
625 420
625 425
625 431
625 435
625 441
625 444
625 444
625 444
625 444
625 444
625 444
625 444
625 444
625 444
625 444
625 444
625 444
625 444
625 444
625 444
625 444
625 444
625 444
625 444
625 444
625 444
625 444
625 444
625 444
625 444
625 444
625 444
625 444
625 444
625 444
625 444
625 444
625 444
628 446
636 449
654 451
672 452
681 452
681 452
681 452
681 452
686 452
693 451
703 448
713 445
715 444
715 444
715 444
715 444
715 444
715 444
715 444
715 444
715 444
715 444
715 444
715 444
715 444
715 444
715 444
715 444
715 444
715 444
715 444
715 444
715 444
717 444
718 443
719 443
723 443
729 441
737 440
747 439
767 437
783 429
796 423
804 420
808 418
808 418
810 418
810 417
808 416
808 416
808 416
808 416
808 416
808 416
808 416
808 416
808 416
808 416
808 416
808 416
808 416
808 416
808 416
808 416
808 416
808 416
808 416
808 416
808 416
808 416
808 416
808 416
808 416
808 416
808 416
808 416
808 416
808 416
808 416
808 416
808 416
808 416
808 416
808 416
808 416
808 416
808 416
808 416
808 416
808 416
808 416
808 416
808 416
808 416
808 416
808 416
808 416
808 416
808 416
808 416
808 416
808 416
808 416
808 416
808 416
808 416
808 416
808 416
808 416
808 416
808 416
808 416
808 416
808 416
808 416
808 416
808 416
808 416
808 416
808 416
808 416
808 416
808 416
808 416
808 416
808 416
808 416
808 416
808 416
808 416
808 416
808 416
808 416
808 416
808 416
808 416
808 416
808 416
808 416
808 416
808 416
808 416
808 416
808 416
808 416
808 416
808 416
808 416
808 416
808 416
808 416
808 416
808 416
807 416
801 417
783 420
777 420
777 420
777 420
777 420
777 420
777 420
777 420
777 420
777 421
767 428
752 439
741 446
740 447
740 447
740 447
740 447
740 447
740 447
740 447
742 448
747 449
756 452
767 453
776 454
804 463
820 468
827 470
827 471
824 472
819 474
817 475
807 483
789 497
773 510
760 522
751 530
749 533
749 533
749 533
749 533
749 533
749 533
749 533
749 533
749 533
749 533
749 533
749 533
749 533
749 533
749 533
749 533
749 533
749 533
749 533
749 533
749 533
749 533
749 533
749 533
750 537
755 545
759 551
763 555
769 561
772 566
773 568
775 570
775 570
776 571
776 571
776 571
776 572
776 574
777 575
777 575
777 575
777 575
777 575
777 575
777 575
777 575
777 575
777 575
777 575
777 576
777 580
777 580
776 581
776 583
776 583
775 585
775 585
775 585
775 585
775 585
775 585
775 585
775 585
775 585
775 585
775 585
775 585
775 585
775 585
775 585
775 585
775 585
775 585
775 585
775 585
775 585
775 585
775 585
775 585
775 585
775 585
775 585
775 585
775 585
775 585
775 585
775 585
775 585
775 585
775 585
775 585
775 585
775 585
775 585
775 585
775 585
775 585
775 581
772 549
771 509
766 467
761 437
758 428
757 428
757 428
757 428
754 420
751 413
749 404
747 397
747 393
747 388
747 384
748 384
748 383
748 383
749 383
749 383
750 383
753 391
753 405
751 419
749 429
748 432
747 433
747 433
747 434
747 435
747 435
746 436
744 439
740 445
735 450
733 454
732 456
730 458
726 464
723 469
721 472
718 476
711 488
698 509
680 537
661 578
643 618
626 644
615 657
614 659
614 659
614 659
614 659
614 659
614 659
614 659
614 659
614 659
613 659
613 659
613 659
613 659
613 659
613 659
613 659
613 659
613 659
613 659
613 659
613 659
613 659
615 659
616 659
617 659
617 659
617 659
617 659
617 659
617 659
617 659
617 659
617 659
617 659
617 659
617 659
617 659
617 659
617 659
617 659
617 659
617 659
617 659
617 659
617 659
617 659
617 659
617 659
617 659
617 659
617 659
617 659
617 659
617 659
617 659
623 649
641 624
668 593
687 571
695 559
699 552
701 549
701 549
701 549
701 549
701 549
701 549
701 549
701 549
701 549
701 549
701 549
701 549
701 549
701 549
701 549
701 549
701 549
701 549
701 549
701 549
701 549
701 549
701 549
701 549
701 549
701 549
701 549
701 549
701 549
701 549
701 549
701 549
701 549
701 549
701 549
701 549
701 549
701 549
701 549
701 549
701 549
701 549
701 549
701 549
701 549
701 549
701 549
701 549
701 549
701 549
701 549
701 549
701 549
701 549
701 549
701 549
701 549
701 549
701 549
701 549
701 549
701 549
701 549
701 549
701 549
701 549
701 549
701 549
701 549
701 549
701 549
701 549
701 549
701 549
701 549
701 549
701 549
701 549
701 549
701 549
701 549
701 549
701 549
701 549
701 549
701 549
701 549
701 549
701 549
701 549
701 549
701 549
701 549
701 549
701 549
701 549
701 549
701 549
701 549
701 549
701 549
701 549
701 549
701 549
701 549
701 549
701 549
701 549
701 549
701 549
701 549
701 549
701 549
701 549
701 549
701 549
701 549
701 549
701 549
701 549
701 549
701 549
701 549
701 549
701 549
701 549
701 549
701 549
701 549
701 549
701 549
701 549
701 549
701 549
701 549
701 549
701 549
701 549
701 549
701 549
701 549
701 549
701 549
701 549
701 549
701 549
701 549
701 549
701 549
701 549
701 549
701 549
701 549
701 549
701 549
701 549
701 549
701 549
701 549
701 549
701 549
701 549
701 549
701 549
701 549
701 549
701 549
701 549
701 549
701 549
701 549
701 549
701 549
701 549
701 549
701 549
701 549
701 549
701 549
701 549
701 549
701 549
701 549
701 549
701 549
701 549
701 549
701 549
701 549
701 549
701 549
701 549
701 549
708 549
721 549
741 551
758 552
771 554
791 557
811 559
830 565
846 572
851 575
852 576
852 578
852 578
852 578
852 581
852 581
852 581
851 581
843 583
835 585
834 586
827 586
812 586
802 586
797 586
795 586
792 585
786 585
780 585
775 585
770 584
763 584
757 583
754 583
752 583
750 583
750 583
749 582
747 582
745 582
745 582
745 582
745 582
745 582
745 582
745 582
745 582
743 582
742 582
742 582
741 582
741 582
741 582
741 582
741 582
741 582
741 582
741 582
741 582
738 582
734 582
730 582
728 583
725 584
724 584
724 584
723 584
723 584
723 584
723 585
723 585
723 585
723 585
723 585
723 585
723 585
723 585
723 585
723 585
723 585
723 585
723 585
723 585
723 585
723 585
723 585
723 585
723 585
723 585
723 585
723 585
723 585
723 585
723 585
723 585
723 585
723 585
723 585
723 585
723 585
723 585
723 585
723 585
723 585
723 585
723 585
723 585
723 585
723 585
723 585
723 585
723 585
723 585
723 585
723 585
723 585
723 585
723 585
723 585
723 585
723 585
723 585
723 585
723 585
723 585
723 585
723 585
723 585
723 585
723 585
723 585
723 585
723 585
723 585
723 585
723 585
723 585
723 585
723 585
723 585
723 585
723 585
723 585
723 585
723 585
723 585
723 585
723 585
723 585
723 585
723 585
723 585
723 585
723 585
723 585
723 585
723 585
723 585
723 585
723 585
723 585
723 585
723 585
723 585
723 585
723 585
723 585
723 585
723 585
723 585
723 585
723 585
723 585
723 585
723 585
723 585
723 585
723 585
723 585
723 585
723 585
723 585
723 585
723 585
723 585
723 585
723 585
723 585
722 585
705 593
679 606
648 623
613 644
580 666
560 684
550 694
547 699
546 704
546 708
547 711
551 716
558 720
565 721
570 721
577 717
584 715
586 714
586 714
586 714
589 714
595 715
597 716
597 716
598 716
598 716
600 716
601 716
601 716
601 716
601 716
601 715
606 706
612 692
615 680
615 673
615 670
614 666
614 664
614 664
614 664
614 664
614 664
614 664
614 664
614 664
614 664
614 664
614 664
614 664
614 664
614 664
614 664
614 664
614 664
614 664
614 664
614 664
614 664
614 664
614 664
614 664
614 664
614 664
614 664
614 664
614 664
614 664
614 664
614 664
613 658
612 644
611 629
610 622
610 620
610 618
610 616
610 615
610 613
610 612
610 610
610 609
610 609
610 609
610 609
610 609
610 609
610 609
610 609
610 609
610 609
610 609
610 609
610 609
610 609
610 609
610 609
610 609
610 609
610 609
610 609
610 609
610 609
610 609
610 609
610 609
610 609
610 609
610 609
610 609
610 609
610 609
610 609
613 606
615 605
618 603
620 602
622 601
624 600
624 600
624 600
624 600
624 600
624 600
624 600
624 600
624 600
624 600
624 600
624 600
624 600
624 600
624 600
624 600
624 600
624 600
624 600
624 600
624 600
624 600
624 600
624 600
624 600
624 600
624 600
624 600
624 600
624 600
624 600
624 600
624 600
624 600
624 600
624 600
624 600
624 600
624 600
624 600
624 600
624 600
624 600
624 600
624 600
624 600
624 600
624 600
624 600
624 600
624 600
624 600
624 600
624 600
624 600
624 600
