982 373
982 374
976 374
967 374
964 374
964 374
963 374
958 373
957 372
956 372
952 370
950 369
950 368
948 367
945 362
943 360
943 360
943 360
943 360
943 360
943 360
943 360
943 360
943 360
943 360
943 360
943 360
943 360
943 360
943 360
943 360
943 360
943 360
943 360
943 360
943 366
941 389
939 411
937 435
934 455
933 466
932 468
932 468
932 468
932 468
932 468
932 468
932 468
932 468
932 468
932 468
932 468
932 468
932 468
932 468
932 468
932 468
932 468
932 468
932 468
932 468
932 468
932 468
932 468
932 468
932 468
932 468
932 468
932 468
932 468
932 468
932 468
932 468
932 468
932 468
932 468
932 468
932 468
932 468
930 467
930 467
930 467
930 467
930 467
930 467
930 467
930 467
930 467
930 467
930 467
930 467
930 467
930 467
930 467
929 467
929 467
929 467
929 467
929 467
929 467
929 467
929 467
929 467
929 467
929 467
929 467
929 467
929 467
929 467
929 467
929 467
929 467
929 467
929 467
929 467
929 467
929 467
929 467
929 467
929 467
929 467
929 467
929 467
929 467
929 467
929 467
929 467
929 467
929 467
929 467
929 467
929 467
929 467
929 467
929 467
929 467
929 467
929 467
929 467
929 467
929 467
929 467
929 467
929 467
929 467
929 467
929 467
929 467
929 467
929 467
929 467
929 467
929 467
929 467
929 467
929 467
927 466
926 466
925 466
925 466
925 466
923 465
920 465
917 465
917 465
917 465
911 465
908 465
908 465
908 465
908 465
908 465
907 465
904 465
904 465
902 465
899 465
896 465
896 465
895 465
892 465
891 465
891 465
891 465
891 465
891 465
891 465
889 465
885 465
884 465
884 465
884 465
884 465
884 465
884 465
884 465
883 465
882 465
881 465
880 465
880 465
880 465
880 465
880 465
880 465
880 465
880 465
880 465
880 465
880 465
880 465
879 465
879 465
879 465
879 465
879 465
879 465
879 465
879 465
879 465
879 465
879 465
879 465
879 465
879 465
879 465
879 465
879 465
879 465
879 465
879 465
879 465
879 465
879 465
879 465
879 465
879 465
879 465
879 465
879 465
879 465
879 465
879 465
879 465
879 465
879 465
879 465
879 465
879 465
879 465
879 465
879 465
879 465
879 465
879 465
879 465
879 465
879 465
879 465
879 465
879 465
879 465
879 465
879 465
879 465
879 465
879 465
879 465
879 465
879 465
879 465
879 465
879 465
879 465
879 465
879 465
879 465
879 465
879 465
876 465
873 465
873 465
873 465
873 465
873 465
873 465
873 465
873 465
873 465
873 465
873 465
873 465
873 465
873 465
873 465
873 465
873 465
873 465
873 465
873 465
873 465
874 465
883 464
903 462
949 451
1005 445
1060 458
1093 464
1093 464
1093 464
1093 464
1093 464
1093 464
1093 464
1093 464
1084 463
1082 461
1073 446
1060 423
1059 401
1063 375
1064 345
1072 309
1085 271
1099 224
1114 175
1133 133
1158 97
1181 72
1202 50
1219 33
1232 20
1248 9
1263 0
1271 0
1272 0
1272 0
1272 0
1272 0
1272 0
1272 0
1272 0
1275 0
1282 0
1284 0
1284 0
1284 0
1284 0
1284 0
1284 0
1284 0
1284 0
1284 0
1288 0
1294 0
1298 0
1298 0
1298 0
1298 0
1298 0
1298 0
1298 0
1298 0
1298 0
1298 0
1298 0
1298 0
1295 0
1290 0
1288 0
1288 0
1282 0
1277 1
1277 1
1276 1
1270 2
1268 2
1268 2
1268 2
1266 2
1265 2
1265 2
1265 2
1265 2
1265 2
1265 2
1265 2
1265 2
1265 2
1265 2
1265 2
1265 2
1265 2
1265 2
1265 2
1265 2
1265 2
1265 2
1265 2
1265 2
1265 2
1265 2
1265 2
1265 2
1265 2
1265 2
1265 2
1265 2
1265 2
1265 2
1265 2
1265 2
1265 2
1265 2
1265 2
1265 2
1265 2
1265 2
1265 2
1265 2
1265 2
1265 2
1265 2
1265 2
1265 2
1265 2
1265 2
1265 2
1265 2
1265 2
1265 2
1265 2
1265 2
1265 2
1265 2
1265 2
1265 2
1265 2
1265 2
1265 2
1265 2
1265 2
1265 2
1265 2
1265 2
1265 2
1265 2
1265 2
1265 2
1265 2
1265 2
1265 2
1265 2
1265 2
1265 2
1265 2
1265 2
1265 2
1265 2
1265 2
1265 2
1265 2
1265 2
1265 2
1265 2
1265 2
1265 2
1265 2
1265 2
1265 2
1265 2
1265 2
1265 2
1265 2
1265 2
1265 2
1265 2
1265 2
1265 2
1265 2
1265 2
1265 2
1265 2
1265 2
1265 2
1265 2
1265 2
1265 2
1265 2
1265 2
1265 2
1265 2
1265 2
1265 2
1265 2
1265 2
1265 2
1265 2
1265 2
1265 2
1265 2
1268 2
1272 2
1277 2
1282 2
1289 2
1292 2
1295 3
1297 4
1297 4
1297 4
1298 4
1298 4
1298 4
1298 4
1298 4
1298 4
1298 4
1298 4
1298 4
1298 4
1295 2
1281 0
1274 0
1273 0
1273 0
1273 0
1273 0
1273 0
1273 0
1273 0
1273 0
1273 0
1273 0
1273 0
1273 0
1273 0
1273 0
1273 0
1273 0
1273 0
1272 0
1272 0
1272 0
1272 0
1272 0
1272 0
1272 0
1272 0
1272 0
1272 0
1272 0
1272 0
1272 0
1272 0
1272 0
1272 0
1272 0
1272 0
1272 0
1272 0
1272 0
1272 0
1272 0
1272 0
1272 0
1272 0
1272 0
1272 0
1272 0
1272 0
1272 0
1272 0
1272 0
1272 0
1272 0
1268 0
1252 0
1233 0
1217 0
1217 0
1217 0
1217 0
1217 0
1217 0
1217 0
1217 0
1217 0
1217 0
1217 0
1217 0
1217 0
1217 0
1217 0
1217 0
1217 0
1217 0
1217 0
1217 0
1217 0
1217 0
1217 0
1217 0
1217 0
1217 0
1217 0
1217 0
1217 0
1217 0
1217 0
1217 0
1217 0
1217 0
1217 0
1217 0
1217 0
1217 0
1217 0
1217 0
1217 0
1217 0
1217 0
1217 0
1217 0
1217 0
1217 0
1217 0
1217 0
1217 0
1217 0
1217 0
1217 0
1217 0
1217 0
1217 0
1217 0
1217 0
1217 0
1217 0
1217 0
1217 0
1217 0
1217 0
1217 0
1217 0
1217 0
1217 0
1217 0
1217 0
1217 0
1217 0
1217 0
1217 0
1217 0
1217 0
1217 0
1217 0
1216 0
1214 0
1214 0
1212 0
1210 0
1210 0
1207 0
1204 0
1203 0
1200 0
1195 0
1190 0
1190 0
1190 0
1190 0
1190 0
1190 0
1190 0
1193 0
1194 0
1195 0
1195 0
1195 0
1195 0
1195 0
1190 0
1190 0
1188 0
1187 0
1187 0
1187 0
1187 0
1187 0
1187 0
1187 0
1187 0
1187 0
1187 0
1187 0
1187 0
1187 0
1187 0
1187 0
1186 7
1174 36
1155 80
1138 122
1111 172
1085 204
1070 219
1065 223
1060 230
1053 242
1052 243
1051 244
1050 244
1050 244
1050 243
1050 239
1051 236
1051 236
1051 236
1051 236
1051 236
1051 236
1051 236
1051 236
1051 236
1051 236
1051 236
1051 236
1051 236
1051 236
1051 236
1051 236
1051 236
1051 236
1051 236
1051 236
1051 236
1051 236
1051 236
1051 236
1051 235
1051 231
1051 229
1054 225
1056 223
1058 222
1059 221
1063 219
1069 214
1076 209
1081 204
1085 201
1089 198
1097 191
1110 177
1131 152
1165 112
1197 65
1219 31
1230 12
1231 6
1230 2
1230 0
1230 0
1226 0
1226 0
1226 0
1223 0
1219 0
1218 0
1218 0
1218 0
1218 0
1218 0
1218 0
1218 0
1218 0
1218 0
1218 0
1218 0
1218 0
1218 0
1218 0
1218 0
1218 0
1218 0
1218 0
1218 0
1218 0
1218 0
1218 0
1218 0
1218 0
1218 0
1221 0
1238 0
1277 0
1313 0
1326 0
1326 0
1326 0
1326 0
1326 0
1326 0
1326 0
1326 0
1326 0
1326 0
1326 0
1326 0
1326 0
1326 0
1326 0
1326 0
1326 0
1326 0
1326 0
1326 0
1326 0
1326 0
1326 0
1326 0
1326 0
1326 0
1319 3
1289 32
1225 98
1161 160
1138 193
1130 219
1130 231
1130 231
1132 229
1133 228
1133 228
1133 228
1133 228
1133 228
1134 228
1134 227
1136 226
1136 226
1136 226
1136 226
1136 226
1136 226
1136 226
1138 223
1139 220
1141 215
1142 213
1144 210
1150 204
1154 199
1157 195
1160 191
1163 188
1165 184
1166 182
1167 179
1168 176
1168 175
1168 174
1168 173
1168 173
1167 172
1167 169
1166 165
1166 163
1165 160
1164 159
1163 157
1162 155
1161 154
1160 152
1159 150
1158 149
1157 148
1157 147
1157 146
1156 143
1156 141
1156 137
1157 132
1158 127
1159 122
1160 119
1161 116
1162 112
1163 108
1165 102
1167 96
1168 91
1168 88
1168 85
1171 80
1172 75
1174 70
1178 63
1182 57
1185 50
1189 44
1190 39
1192 34
1193 32
1193 31
1193 29
1194 27
1194 26
1195 25
1195 23
1196 22
1196 21
1196 20
1197 18
1198 16
1199 14
1199 12
1200 9
1200 8
1201 5
1201 2
1201 0
1202 0
1203 0
1203 0
1203 0
1203 0
1203 0
1203 0
1203 0
1203 0
1203 0
1203 0
1203 0
1203 0
1203 0
1203 0
1203 0
1203 0
1203 0
1203 0
1203 0
1203 0
1203 0
1203 0
1203 0
1203 0
1203 0
1203 0
1203 0
1203 0
1203 0
1203 0
1203 0
1203 0
1203 0
1203 0
1203 0
1203 0
1203 0
1203 0
1203 0
1203 0
1203 0
1203 0
1203 0
1203 0
1203 0
1203 0
1203 0
1203 0
1203 0
1203 0
1203 0
1203 0
1203 0
1203 0
1203 0
1203 0
1203 0
1203 0
1203 0
1203 0
1203 0
1203 0
1203 0
1203 0
1203 0
1203 0
1203 0
1203 0
1203 0
1203 0
1203 0
1203 0
1203 0
1203 0
1203 0
1203 0
1203 0
1203 0
1203 0
1203 0
1203 0
1203 0
1203 0
1203 0
1203 0
1203 0
1203 0
1203 0
1203 0
1203 0
1203 0
1203 0
1203 0
1203 0
1203 0
1203 0
1203 0
1203 0
1203 0
1203 0
1203 0
1203 0
1203 0
1203 0
1203 0
1203 0
1203 0
1203 0
1203 0
1203 0
1203 0
1203 0
1203 0
1203 0
1203 0
1203 0
1203 0
1203 0
1203 0
1203 0
1203 0
1203 0
1203 0
1203 0
1203 0
1203 0
1203 0
1203 0
1203 0
1203 0
1203 0
1203 0
1203 0
1203 0
1203 0
1203 0
1203 0
1203 0
1203 0
1203 0
1203 0
1203 0
1203 0
1203 0
1203 0
1203 0
1203 0
1203 0
1203 0
1203 0
1203 0
1203 0
1203 0
1203 0
1203 0
1203 0
1203 0
1203 0
1203 0
1203 0
1203 0
1203 0
1203 0
1203 0
1203 0
1203 0
1203 0
1203 0
1203 0
1203 0
1203 0
1203 0
1203 0
1203 0
1203 0
1203 0
1203 0
1203 0
1203 0
1203 0
1203 0
1203 0
1203 0
1203 0
1203 0
1203 0
1203 0
1203 0
1203 0
1203 0
1203 0
1203 0
1203 0
1203 0
1203 0
1203 0
1203 0
1203 0
1203 0
1203 0
1203 0
1203 0
1203 0
1203 0
1203 0
1203 0
1203 0
1203 0
1203 0
1203 0
1203 0
1203 0
1203 0
1203 0
1203 0
1203 0
1203 0
1203 0
1203 0
1203 0
1203 0
1203 0
1203 0
1203 0
1203 0
1203 0
1203 0
1203 0
1203 0
1203 0
1203 0
1203 0
1203 0
1203 0
1203 0
1203 0
1203 0
1203 0
1203 0
1203 0
1200 0
1192 0
1183 1
1163 2
1138 4
1128 4
1128 4
1126 4
1117 3
1098 0
1076 0
1058 0
1057 0
1057 0
1057 0
1057 0
1057 0
1057 0
1057 0
1057 0
1053 0
1049 0
1047 0
1042 0
1038 0
1038 0
1038 0
1038 0
1038 0
1038 0
1037 0
1037 0
1037 0
1037 0
1037 0
1037 0
1037 0
1037 0
1037 0
1036 0
1033 0
1029 0
1024 1
1015 1
1005 0
996 0
987 0
983 0
983 0
983 0
983 0
983 0
983 0
981 0
972 0
953 0
925 0
891 0
856 0
807 0
764 0
726 0
688 0
675 6
650 15
635 25
634 24
617 3
592 0
584 0
584 0
584 0
584 0
584 0
584 0
584 0
584 0
584 0
584 0
578 0
561 0
547 0
532 0
511 0
479 0
445 0
413 0
391 0
377 0
369 0
369 0
368 0
368 0
366 0
364 0
359 0
343 0
318 0
288 0
251 0
236 0
236 0
236 0
236 0
241 1
260 7
286 10
323 11
379 15
461 35
548 80
613 115
613 115
613 115
613 115
613 115
613 115
613 115
612 114
601 110
594 112
593 123
615 160
636 237
629 352
672 447
731 531
810 601
887 655
920 706
938 739
964 740
1013 720
1017 679
1016 675
1016 675
1016 675
1016 675
1016 675
1016 675
1020 683
1042 726
1085 772
1142 821
1179 858
1211 886
1236 899
1248 899
1248 899
1246 899
1242 899
1241 899
1237 899
1231 898
1227 896
1224 894
1221 893
1221 893
1221 893
1221 893
1221 893
1221 893
1221 893
1221 893
1221 893
1221 893
1220 892
1218 890
1218 890
1217 890
1217 889
1215 889
1215 889
1215 889
1215 889
1215 889
1215 889
1215 889
1215 889
1214 889
1214 889
1213 889
1205 884
1184 866
1172 815
1153 711
1111 533
1114 354
1141 209
1158 129
1162 81
1179 52
1208 25
1239 0
1268 0
1288 0
1298 0
1306 0
1306 0
1310 0
1318 0
1329 0
1343 0
1344 0
1344 0
1344 0
1344 0
1345 0
1347 0
1347 0
1347 0
1347 0
1347 0
1344 3
1336 9
1320 18
1301 29
1282 40
1265 52
1251 61
1237 72
1216 86
1194 102
1177 117
1162 136
1149 164
1143 195
1139 221
1137 242
1136 255
1136 260
1136 261
1136 261
1136 261
1136 261
1136 261
1136 261
1136 261
1136 263
1135 266
1135 267
1134 267
1134 267
1134 269
1132 271
1131 272
1130 273
1127 277
1124 279
1122 281
1119 283
1113 288
1103 295
1084 308
1062 327
1038 348
1019 364
1006 372
995 377
982 379
967 380
952 378
937 366
921 341
901 308
878 275
857 253
844 237
837 228
834 223
832 220
829 214
827 210
827 210
827 210
827 210
827 210
827 210
827 210
831 212
831 212
831 212
837 211
839 211
845 211
850 211
858 211
881 215
911 223
958 230
1010 235
1051 238
1078 240
1086 240
1086 240
1086 240
1086 240
1089 236
1096 229
1103 223
1106 220
1107 219
1107 219
1107 219
1107 219
1107 219
1107 219
1107 219
1107 219
1107 219
1107 219
1107 219
1107 219
1107 219
1107 224
1107 248
1106 259
1109 266
1113 271
1115 275
1115 275
1115 275
1115 277
1111 284
1105 293
1097 299
1089 301
1085 301
1080 296
1071 287
1059 271
1053 259
1053 259
1053 259
1055 259
1056 259
1056 259
1056 259
1056 259
1056 259
1056 259
1056 259
1056 259
1056 259
1056 259
1056 259
1056 259
1056 259
1056 259
1056 259
1056 259
1056 259
1056 259
1056 259
1056 259
1056 259
1056 259
1056 259
1056 259
1056 259
1057 263
1060 279
1064 305
1073 346
1083 391
1114 428
1161 472
1178 508
1162 519
1150 530
1131 547
1100 567
1058 595
1024 618
991 632
969 638
967 638
967 638
964 630
964 627
963 626
963 626
963 626
963 626
963 626
963 626
964 628
964 628
964 629
963 632
963 635
963 638
963 639
963 639
963 639
963 639
963 639
963 639
963 639
963 639
963 639
963 639
963 639
963 639
964 641
964 645
964 647
966 651
967 654
967 659
969 665
970 672
970 678
970 680
970 683
971 688
971 689
971 689
971 689
971 689
971 689
971 689
971 689
971 689
971 689
974 685
978 679
984 675
990 671
997 666
1008 661
1013 657
1015 656
1015 656
1015 656
1016 656
1016 656
1014 654
1011 654
1006 654
1000 654
995 654
993 654
989 654
982 654
976 656
975 656
974 656
972 660
967 664
966 665
966 658
972 614
992 535
1032 437
1066 360
1083 318
1094 298
1107 277
1133 244
1184 209
1248 178
1304 152
1337 131
1358 114
1367 101
1375 89
1385 76
1389 68
1392 62
1393 56
1394 48
1394 42
1393 37
1391 32
1390 27
1390 22
1389 14
1388 4
1384 0
1377 0
1367 0
1355 0
1343 0
1332 0
1328 0
1328 0
1327 0
1325 0
1325 0
1325 0
1325 0
1325 0
1325 0
1325 0
1325 0
1325 0
1328 1
1328 10
1330 23
1343 30
1343 30
1343 30
1343 30
1343 30
1343 30
1343 30
1343 30
1343 30
1329 53
1304 74
1290 79
1273 98
1258 120
1231 160
1181 214
1126 253
1071 275
1010 303
945 341
871 373
797 395
732 413
677 426
652 434
641 439
632 444
623 450
613 457
597 472
579 492
566 506
555 515
546 522
541 530
536 535
536 535
536 535
536 535
536 535
536 535
535 542
531 555
525 564
515 574
509 580
509 580
509 580
509 580
509 580
509 580
509 580
509 580
509 580
509 580
509 580
510 580
510 580
510 580
510 580
510 580
510 580
510 580
510 580
510 580
510 580
510 580
510 580
510 580
510 580
510 580
510 580
510 580
510 580
510 580
510 580
510 580
510 580
510 580
510 580
510 580
510 580
510 580
510 580
510 580
510 580
510 580
510 580
510 580
510 580
511 580
517 579
527 579
542 578
548 578
549 578
553 578
561 578
569 578
573 579
574 579
574 579
574 579
574 579
574 579
574 579
574 579
574 579
574 579
574 579
574 579
574 579
574 579
574 579
575 579
580 579
585 579
594 579
609 579
628 579
650 577
670 575
699 568
715 567
738 565
761 560
774 556
781 555
786 555
799 555
811 554
815 554
815 554
815 554
815 554
817 554
