1168 238
1168 238
1168 238
1168 238
1169 238
1173 238
1174 238
1174 238
1174 238
1174 238
1174 238
1174 238
1174 238
1174 238
1174 238
1174 238
1174 238
1174 238
1174 238
1174 238
1174 238
1174 238
1174 238
1174 238
1174 238
1174 238
1174 238
1174 238
1174 238
1174 238
1174 238
1174 238
1174 238
1174 238
1174 238
1174 238
1174 237
1174 234
1174 232
1174 231
1174 229
1174 228
1175 228
1175 228
1175 227
1175 227
1175 227
1175 227
1175 227
1175 227
1175 227
1175 227
1179 227
1182 227
1182 227
1182 227
1182 226
1182 225
1181 224
1180 222
1180 222
1180 221
1180 219
1180 218
1180 218
1179 216
1179 215
1179 215
1179 215
1179 215
1179 215
1179 215
1181 214
1195 202
1223 171
1246 137
1265 105
1281 63
1297 18
1314 0
1324 0
1332 0
1341 0
1344 0
1344 0
1341 0
1340 0
1340 0
1340 0
1339 0
1334 0
1330 0
1328 0
1325 0
1323 0
1322 0
1322 0
1322 0
1322 0
1321 0
1321 0
1321 0
1321 0
1321 0
1321 0
1318 0
1315 0
1312 0
1308 0
1306 0
1305 0
1304 0
1304 0
1304 0
1304 0
1304 0
1304 0
1303 0
1303 0
1303 0
1303 0
1303 0
1303 0
1306 0
1308 0
1309 0
1310 0
1310 0
1310 0
1310 0
1310 0
1310 0
1310 0
1309 0
1309 0
1309 0
1309 0
1308 0
1308 0
1308 0
1308 0
1308 0
1308 0
1307 0
1307 1
1306 1
1307 2
1310 2
1311 2
1313 3
1314 3
1314 3
1315 3
1315 3
1315 4
1312 6
1293 23
1250 61
1165 131
1045 223
926 302
825 354
751 375
700 385
671 391
644 396
617 398
585 397
552 392
534 389
529 389
528 389
528 389
528 386
538 378
560 369
581 366
585 365
586 367
592 379
596 388
598 393
598 393
599 396
600 397
600 397
600 397
600 397
600 397
600 397
600 397
601 397
601 398
602 400
602 400
602 400
602 401
602 401
602 401
602 401
602 401
602 401
602 401
602 401
602 401
602 401
602 401
602 401
602 401
602 401
602 401
602 401
602 401
602 401
602 401
602 401
602 401
602 401
602 401
602 401
602 401
602 401
602 401
602 401
602 401
602 401
602 401
602 401
602 401
602 401
602 401
602 401
602 401
602 401
602 401
602 401
602 401
602 401
602 401
602 401
602 401
602 401
602 401
602 401
602 401
602 401
602 401
602 401
602 401
602 401
602 401
602 401
602 401
602 401
602 401
602 401
602 401
602 401
602 401
602 401
602 401
602 401
605 401
609 400
616 398
626 395
635 394
641 393
650 393
657 393
659 394
660 396
661 401
661 407
660 412
658 416
656 420
654 423
651 427
647 432
641 437
635 444
623 453
600 470
565 492
519 518
473 541
440 554
417 565
399 574
388 579
386 579
385 579
385 579
385 579
385 579
385 579
384 576
383 572
382 570
381 569
379 568
378 567
378 567
378 567
378 567
378 567
378 567
378 567
378 567
378 567
378 567
378 567
378 567
378 567
378 567
378 567
378 567
378 567
378 567
378 567
378 567
378 567
378 567
378 567
378 567
378 567
378 567
378 567
378 567
378 567
378 567
378 567
378 567
378 567
378 567
378 567
378 567
378 567
378 567
378 567
378 567
378 567
378 567
378 567
378 567
378 567
378 567
378 567
378 567
378 567
378 567
378 567
378 567
378 567
378 567
378 567
378 567
378 567
378 567
378 567
378 567
378 567
378 567
378 567
378 567
378 567
378 567
378 567
378 567
378 567
378 567
378 567
378 567
378 567
378 567
378 567
378 567
378 567
378 567
378 567
378 567
378 567
378 567
378 567
378 567
378 567
378 567
378 567
378 567
377 567
370 567
348 571
324 575
306 581
290 587
270 597
245 610
218 623
184 636
150 647
119 657
95 666
77 672
64 677
62 678
62 678
62 678
62 678
62 678
62 678
62 678
62 678
62 678
62 678
62 678
62 678
62 678
62 678
62 678
62 678
62 678
62 678
62 678
62 678
62 678
62 678
62 678
62 678
62 678
62 678
62 678
62 678
62 678
62 678
61 678
61 677
61 677
61 677
61 677
61 677
61 677
61 677
61 677
61 676
61 676
61 676
61 676
61 676
61 676
61 676
61 676
61 676
61 676
61 676
61 676
61 676
61 676
61 676
61 676
61 676
61 676
61 676
61 676
61 676
61 676
61 676
61 676
61 676
61 676
61 676
61 676
61 676
61 676
61 676
61 676
61 676
61 676
61 676
61 676
61 676
61 676
61 676
61 676
61 676
61 676
61 676
61 676
61 676
61 676
61 676
61 676
61 676
61 676
61 676
61 676
61 676
61 676
61 676
61 676
61 676
61 676
61 676
61 676
61 676
61 676
61 676
61 676
61 676
61 676
61 676
61 676
61 676
61 676
61 676
61 675
61 675
61 675
61 675
60 674
60 674
60 674
60 674
60 674
60 674
60 674
60 674
60 674
60 674
60 674
60 673
59 672
59 671
59 671
59 671
59 671
59 671
59 671
59 671
59 671
59 671
59 671
59 671
59 671
59 670
59 670
59 670
59 670
59 670
59 670
59 670
59 670
59 670
59 670
59 670
59 670
59 670
59 670
59 670
59 670
59 670
59 670
59 670
59 670
59 670
59 670
59 670
59 670
59 670
59 670
59 670
59 670
59 670
59 670
59 670
59 670
59 670
59 670
59 670
59 670
59 670
59 670
59 670
59 670
59 670
59 670
58 670
58 670
58 670
58 670
58 670
58 670
58 670
58 670
58 669
58 669
58 669
58 669
58 669
58 669
58 669
57 669
57 669
57 669
57 669
57 669
57 669
57 669
57 669
57 669
57 669
56 668
56 668
56 668
56 668
56 668
56 667
55 667
55 667
55 667
55 667
62 664
72 664
75 665
78 667
80 669
80 669
85 670
89 670
92 669
94 669
97 669
100 668
104 665
109 664
120 662
128 661
133 660
141 658
143 655
143 655
143 655
139 655
133 658
126 661
125 661
123 661
117 663
115 663
113 663
110 663
108 663
108 663
102 664
93 668
77 673
64 676
56 677
53 677
50 676
45 675
44 674
44 674
44 674
43 673
41 671
41 671
40 671
39 670
38 670
38 670
38 670
38 670
38 670
38 670
38 670
37 670
37 670
37 670
37 670
37 670
37 670
35 668
35 667
32 665
32 665
32 665
32 665
32 665
32 665
32 665
30 664
30 663
30 663
30 663
30 663
30 663
30 663
30 663
30 663
30 663
30 663
30 663
30 663
30 663
30 663
30 663
30 663
30 663
30 663
30 663
30 663
30 663
29 663
29 663
28 662
28 662
28 662
28 662
28 662
28 662
28 662
28 662
28 662
28 662
28 662
28 660
27 660
27 659
27 659
27 659
27 659
27 659
27 659
27 659
27 659
27 659
27 659
27 659
27 659
27 659
27 659
27 659
27 659
27 659
27 659
27 659
27 659
27 659
27 659
27 659
27 659
26 658
26 658
26 658
26 658
26 658
26 658
26 658
26 658
26 657
26 657
26 657
26 657
26 657
26 657
26 657
26 657
26 657
25 656
25 656
25 656
25 656
25 656
25 656
25 656
25 656
25 656
25 656
25 656
25 656
25 656
25 656
25 656
25 656
26 656
26 654
27 651
27 650
27 650
27 648
27 648
27 647
27 647
27 646
27 646
27 646
27 646
27 645
27 644
27 644
27 644
27 644
27 644
27 644
27 644
27 644
27 644
27 644
27 644
27 644
27 644
27 644
27 644
27 644
27 644
27 644
27 644
27 644
28 642
28 642
28 642
28 642
28 642
28 642
28 642
28 642
28 642
28 642
28 642
28 642
28 641
28 637
28 636
28 636
29 635
29 631
29 629
29 627
29 626
29 626
29 626
29 626
29 626
29 626
29 626
29 626
29 626
29 626
29 626
29 626
29 626
29 626
29 626
29 626
29 626
29 626
29 626
29 626
29 626
29 626
29 626
29 626
29 626
29 626
29 626
29 626
28 626
27 625
27 625
27 625
27 625
27 625
27 625
27 625
27 625
27 625
27 625
27 625
27 625
27 625
27 625
26 625
26 625
26 625
26 625
26 625
26 625
26 625
26 625
26 625
26 625
26 625
26 625
26 625
26 625
26 625
26 625
26 625
26 625
26 625
26 625
26 625
26 625
26 625
26 625
26 625
26 625
26 625
26 625
26 625
26 625
26 625
26 625
26 625
26 625
26 625
26 625
26 625
26 625
26 625
26 625
26 625
26 625
26 625
26 625
26 625
26 625
26 625
26 625
26 625
26 625
26 625
26 625
26 625
26 625
26 625
26 625
26 625
26 625
26 625
26 625
26 625
26 625
26 625
26 625
26 625
26 625
26 625
26 625
26 625
26 625
26 625
26 625
26 625
26 625
26 625
26 625
26 625
26 625
26 625
26 625
26 625
26 625
26 625
26 625
26 625
26 625
26 625
26 625
26 625
26 625
26 625
26 625
26 625
26 625
26 625
26 625
26 625
26 625
26 625
26 625
26 625
26 625
26 625
26 625
26 625
26 625
26 625
26 625
26 625
26 625
26 625
26 625
26 625
26 625
26 625
26 625
26 625
26 625
26 625
26 625
26 625
26 625
26 625
26 625
26 625
26 625
26 625
26 625
26 625
26 625
26 625
26 625
26 625
26 625
26 625
26 625
26 625
26 625
26 625
26 625
26 625
26 625
26 625
26 625
26 625
26 625
26 625
51 619
153 609
312 586
463 556
584 536
651 526
674 525
691 531
719 537
752 544
791 567
801 577
811 587
827 600
842 610
859 622
876 633
891 636
905 637
917 638
930 637
938 636
942 635
942 635
942 635
942 633
942 632
942 631
942 630
942 630
942 630
942 630
942 630
941 630
940 630
940 630
940 630
940 630
940 630
940 630
938 630
931 630
917 630
881 628
807 624
699 622
574 617
457 607
359 598
301 593
261 591
219 590
175 591
124 591
71 590
29 591
0 592
0 592
0 591
0 590
0 590
0 588
0 584
0 582
0 581
0 581
0 581
0 581
0 581
0 582
0 585
0 589
0 582
1 571
1 571
1 571
1 571
1 571
1 571
1 571
1 571
1 571
1 571
1 571
22 571
26 570
28 569
28 569
23 567
17 564
12 556
7 552
3 547
0 544
0 543
0 545
0 551
0 554
0 554
0 554
0 554
0 554
0 554
0 554
0 554
0 554
0 554
0 554
0 554
0 554
0 554
0 554
0 554
0 554
0 554
0 554
0 554
0 554
0 554
0 554
0 554
0 554
0 554
0 554
0 554
0 554
0 554
0 554
0 554
0 554
0 554
0 554
0 554
0 554
0 554
0 554
0 554
0 554
0 554
0 554
0 554
0 554
0 554
0 554
0 554
0 554
0 554
0 554
0 554
0 554
0 554
0 554
0 554
0 554
0 554
0 554
0 554
0 554
0 554
0 554
0 554
0 554
0 554
0 554
0 554
0 554
0 554
0 554
0 554
0 554
0 554
0 554
0 554
0 554
0 554
0 554
0 554
0 554
0 554
0 554
0 554
0 554
0 554
0 554
0 554
0 554
0 554
0 554
0 554
0 554
0 554
0 554
0 554
0 554
0 554
0 554
0 554
0 554
0 554
0 554
0 554
0 554
0 554
0 554
0 554
0 554
0 554
0 554
0 554
0 554
0 554
0 554
0 554
0 554
0 554
0 554
0 554
0 554
0 554
0 554
0 554
0 554
0 554
0 554
0 554
0 554
0 554
0 554
0 554
0 554
0 554
0 554
0 554
0 554
0 554
0 554
0 554
0 554
0 554
0 554
0 554
0 554
0 554
0 554
0 554
0 554
0 554
0 554
0 554
0 554
0 554
0 554
0 554
0 554
0 554
0 554
0 554
0 554
0 554
0 554
0 554
0 554
0 554
0 554
0 554
0 554
0 554
0 554
0 554
0 554
0 554
0 554
0 554
0 554
0 554
0 554
0 554
0 554
0 554
0 554
0 554
0 554
0 554
0 554
0 554
0 554
0 554
0 554
0 554
0 554
0 554
0 554
0 554
0 554
0 554
0 554
0 554
0 554
0 554
0 554
0 554
0 554
0 554
0 554
0 554
0 554
0 554
0 554
0 554
0 554
0 554
0 554
0 554
0 554
0 554
0 554
0 554
0 554
0 554
0 554
0 554
0 554
0 554
0 554
0 554
0 554
0 554
0 554
0 554
0 554
0 554
0 554
0 554
0 554
0 554
0 554
0 554
0 554
0 554
0 554
0 554
0 554
0 554
0 554
0 554
0 554
0 554
0 554
0 554
0 554
0 554
0 554
0 554
0 554
0 554
0 554
0 554
0 554
0 554
0 554
0 554
0 554
0 554
0 554
0 554
0 554
0 554
0 554
0 554
0 554
0 554
0 554
0 554
0 554
0 554
0 554
0 554
0 554
0 554
0 554
0 554
0 554
0 554
0 554
0 554
0 554
0 554
0 554
0 554
0 554
0 554
0 554
0 554
0 554
0 554
0 554
0 554
0 554
0 554
0 554
0 554
0 554
0 554
0 554
0 554
0 554
0 554
0 554
0 554
0 554
0 554
0 554
0 554
0 554
0 554
0 554
0 554
0 554
0 554
0 554
0 554
0 554
0 554
0 554
0 554
0 554
0 554
0 554
0 554
0 554
0 554
0 554
0 554
0 554
0 554
0 554
0 554
0 554
0 554
0 554
0 554
0 554
0 554
0 554
0 554
0 554
0 554
0 554
0 554
0 554
0 554
0 554
0 554
0 554
0 554
0 554
0 554
0 554
0 554
0 554
0 554
0 554
0 554
0 554
0 554
0 554
0 554
0 554
0 554
0 554
0 554
0 554
0 554
0 554
8 552
17 549
26 546
35 545
43 542
52 541
59 539
73 536
86 534
96 533
108 533
124 533
141 532
160 532
185 532
207 530
227 528
243 528
257 528
271 527
286 525
302 525
315 525
326 527
338 528
352 529
367 531
380 533
387 534
389 535
391 536
393 537
395 539
398 541
405 547
412 552
423 559
433 564
441 567
449 569
458 571
469 572
478 572
488 569
503 564
510 561
511 560
511 560
511 560
510 560
503 561
485 562
458 563
433 566
420 566
416 566
412 566
411 566
410 566
405 566
400 565
395 564
391 563
386 563
382 563
379 563
378 562
378 562
378 562
378 562
378 562
378 562
378 562
378 562
378 562
377 562
376 562
376 562
376 562
376 562
376 562
376 562
376 562
376 562
376 562
376 562
376 562
376 562
376 562
376 562
376 562
376 562
376 562
376 562
376 562
376 562
376 562
376 562
376 562
376 562
376 562
376 562
376 562
376 562
376 562
376 562
376 562
376 562
376 562
376 562
376 562
376 562
376 562
376 562
376 562
376 562
376 562
376 562
376 562
379 562
382 562
386 561
392 561
397 561
401 560
402 560
404 560
406 560
407 560
407 560
407 560
408 560
408 560
408 560
408 560
408 560
408 560
408 560
408 560
408 560
408 560
408 560
408 560
408 560
408 560
408 560
409 560
410 560
411 559
412 559
413 559
414 559
414 559
414 559
414 559
414 559
414 559
414 559
414 559
414 559
414 559
414 559
415 559
415 559
415 559
415 559
416 559
416 559
417 559
417 559
417 559
417 559
417 559
417 559
417 559
417 559
417 559
417 559
417 559
417 559
417 559
417 559
417 559
417 559
417 559
417 559
417 559
417 559
417 559
417 559
417 559
417 559
417 559
417 559
417 559
417 559
417 559
417 559
417 559
417 559
417 559
417 559
417 559
417 559
417 559
417 559
417 559
417 559
417 559
417 559
417 559
417 559
417 559
417 559
417 559
417 559
417 559
417 559
417 559
417 559
417 559
417 559
417 559
417 559
417 559
417 559
417 559
417 559
417 559
417 559
417 560
417 560
417 560
417 560
417 560
417 560
417 560
417 560
418 560
421 560
422 560
424 560
426 560
426 560
427 560
429 560
430 560
430 560
430 560
430 560
431 560
431 560
431 560
431 560
431 560
431 560
431 560
431 560
431 560
431 560
431 560
431 560
431 560
431 560
431 560
433 561
434 561
434 561
435 561
436 561
437 561
437 561
438 561
439 561
440 561
440 562
442 562
442 562
442 562
442 562
443 562
444 562
444 562
444 562
444 562
444 562
446 563
448 563
449 563
451 563
453 563
455 564
456 564
457 564
458 564
460 564
461 564
